apogee_target1	field	glon	glat
0	calibration	213.3441111	-0.38173173
0	hip	56.65825322	-0.409168442
0	hip	98.91692987	0.381382074
-2147481600	004+00	3.823893625	0.444176376
-2147481600	004+00	3.661335754	0.34442912
-2147481600	004+00	3.662690998	0.341745472
-2147481600	004+00	3.849351813	0.451911178
-2147481600	004+00	3.869996015	0.463202551
-2147481600	004+00	3.91918859	0.481998372
-2147481600	004+00	3.614403424	0.301880024
-2147481600	004+00	3.809857954	0.411084729
-2147481600	004+00	3.758117533	0.372561862
-2147481600	004+00	3.639776587	0.302591684
-2147481600	004+00	3.926145911	0.47021935
-2147481600	004+00	3.8685262	0.435842905
-2147481600	004+00	3.804822813	0.396619614
-2147481600	004+00	3.764352419	0.372638773
-2147481600	004+00	3.671423011	0.3171432
-2147481600	004+00	3.726654461	0.341691745
-2147483584	004+00	3.891919619	0.43647175
-2147481600	004+00	3.704021978	0.323378584
-2147481600	004+00	3.857638983	0.41386604
-2147481600	004+00	3.808609249	0.384880061
-2147481600	004+00	3.749003011	0.348766888
-2147481600	004+00	3.592188525	0.254333854
-2147483584	004+00	3.9233935	0.448430633
-2147481600	004+00	3.621205816	0.268971072
-2147481600	004+00	3.769170533	0.355950336
-2147481600	004+00	3.963154091	0.468378766
-2147481600	004+00	3.69141376	0.294258869
-2147481600	004+00	3.944239718	0.439167512
-2147481600	004+00	3.920015347	0.423959565
-2147481600	004+00	3.622606009	0.24302446
-2147481600	004+00	3.893125595	0.394011081
-2147483584	004+00	3.684966878	0.262783713
-2147481600	004+00	3.611712991	0.218602572
-2147481600	004+00	3.579654619	0.197300443
-2147481600	004+00	3.790557098	0.317360034
-2147481600	004+00	3.674482788	0.241578031
-2147483584	004+00	3.881389909	0.363080779
-2147481600	004+00	3.648226857	0.225391986
-2147481600	004+00	3.922695549	0.38029319
-2147481600	004+00	3.64989317	0.217468009
-2147481600	004+00	3.868255199	0.345313242
-2147483584	004+00	3.56497895	0.149867218
-2147481600	004+00	4.097613959	0.462710456
-2147481600	004+00	3.969087407	0.385024813
-2147481600	004+00	3.590126142	0.161458243
-2147481600	004+00	3.934125101	0.362386585
-2147481600	004+00	3.719460501	0.235322144
-2147481600	004+00	3.920626369	0.353486411
-2147481600	004+00	3.817073398	0.292255416
-2147481600	004+00	3.616181344	0.1712941
-2147481600	004+00	4.051834806	0.424277707
-2147483584	004+00	3.772543618	0.256713072
-2147481600	004+00	4.127320348	0.459334956
-2147481600	004+00	3.666761731	0.185153536
-2147481600	004+00	4.12104541	0.449441205
-2147481600	004+00	3.833136196	0.279586068
-2147481600	004+00	3.919821444	0.328621737
-2147481600	004+00	3.864303488	0.294737006
-2147481600	004+00	3.890997271	0.308818978
-2147481600	004+00	3.861376885	0.28953257
-2147481600	004+00	3.968779767	0.351259697
-2147481600	004+00	3.615184161	0.136590531
-2147481600	004+00	3.680992162	0.175040956
-2147481600	004+00	4.101275278	0.422121331
-2147481600	004+00	3.592376728	0.12034014
-2147481600	004+00	3.99920706	0.35573664
-2147481600	004+00	4.01880411	0.36611965
-2147481600	004+00	4.084332296	0.403184861
-2147481600	004+00	3.880792916	0.280258047
-2147481600	004+00	3.94657327	0.309411739
-2147481600	004+00	3.918691658	0.292132452
-2147483584	004+00	3.523854045	0.059622653
-2147483584	004+00	4.105963922	0.401811865
-2147481600	004+00	3.943954304	0.300497607
-2147481600	004+00	3.582276735	0.086980761
-2147481600	004+00	3.712114888	0.160670044
-2147481600	004+00	3.86464068	0.24924613
-2147483584	004+00	3.973072667	0.312807933
-2147481600	004+00	4.149039085	0.413119384
-2147483584	004+00	3.774350155	0.191172786
-2147481600	004+00	3.919850981	0.276136566
-2147481600	004+00	3.792276128	0.200079277
-2147481600	004+00	3.645888633	0.105107651
-2147483584	004+00	3.941099363	0.278683277
-2147481600	004+00	3.553821202	0.05012591
-2147481600	004+00	3.831734195	0.210808299
-2147481600	004+00	3.859535589	0.223442029
-2147481600	004+00	3.978884767	0.291500495
-2147481600	004+00	3.885933777	0.236744944
-2147483584	004+00	3.692723419	0.121218962
-2147481600	004+00	3.791187515	0.178821597
-2147481600	004+00	3.65749449	0.100014699
-2147481600	004+00	4.021611518	0.310306691
-2147481600	004+00	4.050082279	0.325516082
-2147481600	004+00	4.171915921	0.397137406
-2147481600	004+00	3.815173008	0.186691986
-2147481600	004+00	4.118612017	0.363056817
-2147481600	004+00	4.122244855	0.363655942
-2147481600	004+00	4.080494883	0.338392761
-2147481600	004+00	3.972364562	0.27342278
-2147481600	004+00	3.638215136	0.074891156
-2147481600	004+00	3.558547601	0.026928877
-2147481600	004+00	4.205792893	0.407343456
-2147481600	004+00	3.636267777	0.06456624
-2147481600	004+00	3.867970288	0.20001072
-2147481600	004+00	4.151436258	0.365266
-2147481600	004+00	3.867449519	0.197238891
-2147481600	004+00	3.993485862	0.270736461
-2147481600	004+00	4.147809469	0.359742656
-2147481600	004+00	3.971318121	0.254588297
-2147481600	004+00	4.037739213	0.293545327
-2147481600	004+00	3.513620314	-0.015349116
-2147481600	004+00	3.77864562	0.139894465
-2147483584	004+00	3.845897744	0.178765427
-2147481600	004+00	3.579580355	0.018868695
-2147481600	004+00	3.997297939	0.264062157
-2147481600	004+00	4.121217823	0.330318498
-2147481600	004+00	3.730866277	0.100840326
-2147481600	004+00	3.910406268	0.202374649
-2147481600	004+00	4.032849127	0.274054437
-2147481600	004+00	4.02740174	0.268852959
-2147481600	004+00	4.136470017	0.326341209
-2147481600	004+00	3.781515491	0.117393071
-2147481600	004+00	4.164798225	0.342546114
-2147481600	004+00	3.959215923	0.221654137
-2147483584	004+00	3.897098513	0.18197079
-2147481600	004+00	3.641134513	0.030050779
-2147481600	004+00	4.063360096	0.274191632
-2147481600	004+00	4.090606485	0.28665342
-2147481600	004+00	3.806450277	0.119284046
-2147481600	004+00	4.130567066	0.305730221
-2147481600	004+00	4.220433881	0.35761689
-2147481600	004+00	4.036356721	0.24795191
-2147483584	004+00	4.181905653	0.330458111
-2147481600	004+00	4.240595773	0.363222909
-2147481600	004+00	4.119312004	0.288467264
-2147481600	004+00	3.933353847	0.176258849
-2147481600	004+00	3.778971923	0.084754432
-2147483584	004+00	3.709530237	0.034080492
-2147481600	004+00	3.993600862	0.200083004
-2147481600	004+00	3.759814751	0.062689634
-2147481600	004+00	3.869444753	0.126900313
-2147481600	004+00	4.090063727	0.255854862
-2147481600	004+00	3.91337944	0.151369819
-2147481600	004+00	4.150053081	0.289634266
-2147481600	004+00	4.296620078	0.374732153
-2147481600	004+00	3.820113419	0.092487982
-2147481600	004+00	4.187826491	0.305512243
-2147481600	004+00	4.08986707	0.247639695
-2147481600	004+00	3.888472824	0.128418001
-2147481600	004+00	4.221382441	0.317186755
-2147481600	004+00	3.908702709	0.131989708
-2147481600	004+00	4.241842426	0.32343134
-2147481600	004+00	3.586398892	-0.065578219
-2147481600	004+00	3.538857962	-0.094746176
-2147481600	004+00	4.124104494	0.247349868
-2147481600	004+00	4.081133701	0.220719137
-2147481600	004+00	3.950038417	0.139554485
-2147481600	004+00	3.700781314	-0.009537972
-2147481600	004+00	3.898900818	0.106075558
-2147481600	004+00	3.664847863	-0.032934492
-2147481600	004+00	3.933303662	0.122722258
-2147481600	004+00	4.01132843	0.162159825
-2147481600	004+00	3.556290929	-0.109514817
-2147481600	004+00	4.074565499	0.193604487
-2147481600	004+00	4.230011485	0.284748261
-2147481600	004+00	4.175998583	0.251619055
-2147481600	004+00	4.059250468	0.181412897
-2147481600	004+00	3.759883222	0.004911056
-2147481600	004+00	3.748093668	-0.003096824
-2147483584	004+00	3.541320393	-0.12638694
-2147481600	004+00	4.124002625	0.214564808
-2147481600	004+00	4.153717594	0.231867251
-2147481600	004+00	4.211237645	0.261765884
-2147481600	004+00	4.207060581	0.256799342
-2147481600	004+00	4.008571739	0.138770432
-2147481600	004+00	3.980846562	0.121961861
-2147481600	004+00	4.300213943	0.301595851
-2147481600	004+00	4.119366357	0.195083368
-2147481600	004+00	4.189922021	0.23101329
-2147483584	004+00	3.901000182	0.058406192
-2147481600	004+00	4.047483204	0.141818106
-2147481600	004+00	4.229868352	0.248534566
-2147481600	004+00	4.107497483	0.175657471
-2147481600	004+00	3.820100669	0.005404392
-2147481600	004+00	4.08756164	0.158676568
-2147481600	004+00	3.561939041	-0.150304268
-2147481600	004+00	4.168986959	0.202282588
-2147481600	004+00	4.113960687	0.168461494
-2147481600	004+00	4.275478285	0.261930596
-2147481600	004+00	3.55147972	-0.164543028
-2147481600	004+00	4.35222522	0.298942998
-2147481600	004+00	3.832011709	-0.008552504
-2147481600	004+00	4.148666857	0.176590707
-2147481600	004+00	4.071100163	0.124033025
-2147481600	004+00	4.24253985	0.224005333
-2147483584	004+00	4.017100215	0.082293551
-2147481600	004+00	3.864811285	-0.008406913
-2147481600	004+00	4.249669054	0.216914727
-2147481600	004+00	3.779289249	-0.05944777
-2147481600	004+00	4.292355552	0.239633854
-2147481600	004+00	4.388125264	0.290159551
-2147483584	004+00	3.57798258	-0.185126454
-2147481600	004+00	4.111728028	0.124975818
-2147481600	004+00	4.188389033	0.166877335
-2147481600	004+00	4.167021162	0.154366364
-2147483584	004+00	4.042902923	0.080919051
-2147481600	004+00	4.293038291	0.225887068
-2147481600	004+00	3.912990849	0.00214702
-2147481600	004+00	4.080043795	0.100005121
-2147481600	004+00	4.23172832	0.184123791
-2147481600	004+00	3.810049581	-0.065903228
-2147481600	004+00	4.097232439	0.101534842
-2147481600	004+00	4.146848722	0.127306792
-2147483584	004+00	3.659581965	-0.158950641
-2147481600	004+00	3.843614869	-0.052471403
-2147483584	004+00	4.399605219	0.272873358
-2147481600	004+00	4.373849595	0.255629962
-2147481600	004+00	4.25226902	0.178436476
-2147481600	004+00	3.869344516	-0.050102178
-2147483584	004+00	3.634030166	-0.192500155
-2147481600	004+00	4.186332679	0.129483004
-2147481600	004+00	3.834998058	-0.076329411
-2147481600	004+00	3.726938098	-0.140474334
-2147481600	004+00	4.326524162	0.209507059
-2147481600	004+00	4.390312312	0.24237822
-2147481600	004+00	3.831818655	-0.087889536
-2147481600	004+00	3.778073931	-0.123085519
-2147483584	004+00	4.138388729	0.085978646
-2147481600	004+00	3.675042188	-0.187759935
-2147481600	004+00	3.816277215	-0.106162134
-2147481600	004+00	3.653021014	-0.20614036
-2147481600	004+00	3.606425028	-0.234992052
-2147481600	004+00	4.407912399	0.23402242
-2147481600	004+00	3.729611947	-0.16412911
-2147481600	004+00	4.223280458	0.119221867
-2147481600	004+00	4.106416328	0.045133368
-2147481600	004+00	4.349329875	0.182823167
-2147481600	004+00	3.662709214	-0.219135914
-2147481600	004+00	4.238099417	0.112259157
-2147481600	004+00	3.621624232	-0.248430565
-2147481600	004+00	3.938058929	-0.065315434
-2147481600	004+00	4.209170498	0.090077375
-2147481600	004+00	4.392124296	0.19556542
-2147481600	004+00	3.728124355	-0.197202292
-2147481600	004+00	4.252901239	0.104118648
-2147481600	004+00	3.87222139	-0.120150663
-2147481600	004+00	4.391971785	0.177463372
-2147481600	004+00	3.632940157	-0.266662599
-2147481600	004+00	3.839732053	-0.154746402
-2147481600	004+00	4.180251328	0.040985734
-2147481600	004+00	3.661921918	-0.26339689
-2147481600	004+00	4.247325901	0.077175888
-2147481600	004+00	3.910960945	-0.120289578
-2147481600	004+00	4.096586959	-0.014020012
-2147481600	004+00	3.955653076	-0.09677311
-2147481600	004+00	4.166081052	0.026132778
-2147481600	004+00	4.414751627	0.167617706
-2147481600	004+00	4.365867064	0.138193677
-2147481600	004+00	3.624349374	-0.295712428
-2147481600	004+00	3.741547342	-0.229311301
-2147481600	004+00	4.085370683	-0.030969946
-2147481600	004+00	4.262593733	0.069953783
-2147481600	004+00	4.077650658	-0.040568485
-2147481600	004+00	4.278101124	0.073663731
-2147481600	004+00	3.862839276	-0.173435684
-2147481600	004+00	3.703942489	-0.270581713
-2147481600	004+00	3.881616453	-0.167653341
-2147481600	004+00	4.332014672	0.092947951
-2147483584	004+00	3.763883218	-0.243216086
-2147481600	004+00	3.835873148	-0.201311212
-2147481600	004+00	4.280101979	0.057136979
-2147481600	004+00	4.322393191	0.081139582
-2147481600	004+00	4.344016295	0.093576409
-2147481600	004+00	3.842089292	-0.206434873
-2147481600	004+00	3.679285191	-0.303621016
-2147481600	004+00	4.143489644	-0.033707618
-2147481600	004+00	4.180444285	-0.01268303
-2147481600	004+00	4.133907469	-0.043495069
-2147481600	004+00	4.141148016	-0.055243497
-2147483584	004+00	3.762751325	-0.277529198
-2147481600	004+00	4.317515896	0.044261566
-2147481600	004+00	4.181024443	-0.039219685
-2147481600	004+00	4.246764728	-0.003981987
-2147481600	004+00	3.876126355	-0.221278919
-2147481600	004+00	4.405238315	0.083639265
-2147481600	004+00	4.42417214	0.091184254
-2147481600	004+00	4.042955582	-0.132783167
-2147483584	004+00	3.765015699	-0.298837945
-2147481600	004+00	3.974076344	-0.179520447
-2147481600	004+00	3.954851439	-0.194438738
-2147481600	004+00	4.024587975	-0.154268831
-2147481600	004+00	3.677077153	-0.362292615
-2147481600	004+00	4.341167135	0.018271102
-2147481600	004+00	3.714097018	-0.350714916
-2147481600	004+00	4.219291722	-0.061298684
-2147481600	004+00	4.178367853	-0.087814234
-2147481600	004+00	3.820373022	-0.303334907
-2147481600	004+00	4.18507751	-0.091270903
-2147481600	004+00	3.788098656	-0.32293996
-2147483584	004+00	4.004144694	-0.198630327
-2147481600	004+00	3.736136951	-0.355629209
-2147483584	004+00	4.367684763	0.010495263
-2147481600	004+00	3.795161107	-0.324136593
-2147483584	004+00	4.230636144	-0.078656398
-2147481600	004+00	4.469198655	0.060170612
-2147481600	004+00	4.051132306	-0.183930335
-2147481600	004+00	3.723724522	-0.37701437
-2147481600	004+00	3.823937606	-0.319752538
-2147481600	004+00	4.043255411	-0.192262118
-2147481600	004+00	3.956204609	-0.245339031
-2147481600	004+00	4.457162391	0.040253614
-2147481600	004+00	4.181446468	-0.121757075
-2147481600	004+00	3.791583049	-0.351407745
-2147481600	004+00	4.47324135	0.044312042
-2147481600	004+00	4.018471968	-0.223347084
-2147481600	004+00	4.043078753	-0.21459571
-2147481600	004+00	3.997099059	-0.243153184
-2147483584	004+00	4.435088841	-0.004846083
-2147481600	004+00	4.374260384	-0.047749364
-2147481600	004+00	3.922933909	-0.315622192
-2147481600	004+00	3.967018169	-0.293205204
-2147481600	004+00	4.050038881	-0.246676395
-2147481600	004+00	4.331651245	-0.090098257
-2147481600	004+00	4.395399738	-0.054732732
-2147481600	004+00	3.89816521	-0.345971458
-2147481600	004+00	4.040520067	-0.264194547
-2147481600	004+00	4.211059759	-0.166720177
-2147481600	004+00	4.253074197	-0.142585499
-2147481600	004+00	3.881643264	-0.364599892
-2147481600	004+00	3.813308049	-0.404578093
-2147483584	004+00	3.835364743	-0.393668752
-2147481600	004+00	4.256278078	-0.156129002
-2147481600	004+00	4.236474589	-0.168083351
-2147481600	004+00	4.396196757	-0.078801624
-2147481600	004+00	4.145609681	-0.227537011
-2147481600	004+00	4.282025469	-0.148973381
-2147481600	004+00	4.251024591	-0.174942537
-2147481600	004+00	4.184839579	-0.216312105
-2147481600	004+00	4.233371304	-0.188222717
-2147481600	004+00	4.342700252	-0.132518454
-2147481600	004+00	4.278509905	-0.172872086
-2147481600	004+00	4.006215955	-0.332840471
-2147483584	004+00	3.81257534	-0.448155339
-2147481600	004+00	4.232569077	-0.205201092
-2147481600	004+00	3.848413268	-0.429444486
-2147481600	004+00	3.925359641	-0.389636868
-2147481600	004+00	4.26907116	-0.199887414
-2147481600	004+00	3.835908047	-0.455102722
-2147483584	004+00	4.012151945	-0.358801375
-2147481600	004+00	3.928735011	-0.409642417
-2147483584	004+00	3.952869072	-0.40451315
-2147481600	004+00	4.151186307	-0.299035505
-2147481600	004+00	4.076234248	-0.344203008
-2147481600	004+00	4.301739175	-0.213319631
-2147481600	004+00	4.132129778	-0.316913007
-2147483584	004+00	4.379431045	-0.174927369
-2147481600	004+00	4.34388169	-0.196830031
-2147481600	004+00	3.977621558	-0.412312069
-2147481600	004+00	4.000686211	-0.402401549
-2147481600	004+00	3.99785987	-0.410521628
-2147483584	004+00	4.171386799	-0.310276994
-2147481600	004+00	4.340034843	-0.213645951
-2147481600	004+00	4.461502521	-0.145704222
-2147481600	004+00	4.051204964	-0.385419233
-2147481600	004+00	4.302538221	-0.239769021
-2147481600	004+00	4.129886709	-0.341888575
-2147481600	004+00	4.091980217	-0.366203549
-2147481600	004+00	4.3880691	-0.197455904
-2147481600	004+00	4.116370147	-0.358691194
-2147483584	004+00	3.944686793	-0.464558135
-2147481600	004+00	3.980300067	-0.44560769
-2147483584	004+00	4.287278973	-0.272508827
-2147483584	004+00	4.341603656	-0.244848907
-2147481600	004+00	4.225049792	-0.317559763
-2147481600	004+00	3.945056095	-0.485556296
-2147481600	004+00	4.10096567	-0.396448073
-2147481600	004+00	4.004769183	-0.453690134
-2147481600	004+00	4.414174423	-0.225098251
-2147481600	004+00	4.069612195	-0.433083983
-2147481600	004+00	4.133166239	-0.398121672
-2147481600	004+00	4.027925645	-0.460725191
-2147481600	004+00	4.287349136	-0.313838801
-2147481600	004+00	4.397161691	-0.254187946
-2147481600	004+00	4.130096266	-0.411562739
-2147481600	004+00	4.012898928	-0.486178028
-2147481600	004+00	4.080147967	-0.458041641
-2147481600	004+00	4.311368545	-0.32945836
-2147481600	004+00	4.36229018	-0.307017272
-2147481600	004+00	4.253750552	-0.372465862
-2147481600	004+00	4.298141194	-0.347249322
-2147481600	004+00	4.3776388	-0.311799573
-2147481600	004+00	4.328689322	-0.340978664
-2147481600	004+00	4.148824449	-0.464833984
-2147481600	060+00	58.77976924	0.469665219
-2147481600	060+00	58.82950476	0.481888015
-2147481600	060+00	58.80819573	0.437574093
-2147483584	060+00	58.78706246	0.342198562
-2147481600	060+00	58.65050961	0.205501844
-2147483584	060+00	59.2450963	0.494317325
-2147483584	060+00	59.01182561	0.297475111
-2147481600	060+00	58.61530976	0.057512492
-2147481600	060+00	58.96291581	0.251285537
-2147481600	060+00	59.00885045	0.249807514
-2147483584	060+00	59.09633996	0.286048084
-2147481600	060+00	59.52709723	0.491762228
-2147481600	060+00	59.5469492	0.472854157
-2147483584	060+00	59.14882462	0.236400628
-2147481600	060+00	59.57881253	0.475029447
-2147481600	060+00	58.65018262	-0.114434564
-2147483584	060+00	59.22693418	0.194098719
-2147481600	060+00	59.687048	0.410634631
-2147481600	060+00	59.15562433	0.098299729
-2147481600	060+00	59.77282	0.434744824
-2147481600	060+00	59.54520197	0.299460116
-2147481600	060+00	58.97030883	-0.033927307
-2147483584	060+00	58.74278363	-0.217209642
-2147483584	060+00	58.78192186	-0.205538427
-2147481600	060+00	59.17916196	-0.001436118
-2147481600	060+00	59.92560685	0.348681845
-2147481600	060+00	59.94038973	0.332638128
-2147481600	060+00	59.63519033	0.140763297
-2147481600	060+00	59.19232702	-0.115839434
-2147481600	060+00	59.51386242	0.068083566
-2147481600	060+00	59.72764138	0.174079212
-2147481600	060+00	59.45732625	-0.014086823
-2147481600	060+00	60.30869998	0.437596588
-2147481600	060+00	60.40383727	0.467843692
-2147481600	060+00	60.26202147	0.35363204
-2147481600	060+00	58.87888466	-0.453690122
-2147481600	060+00	59.60895146	-0.03576054
-2147481600	060+00	58.99685412	-0.391135239
-2147481600	060+00	59.4578058	-0.132834392
-2147481600	060+00	59.15598998	-0.307137155
-2147483584	060+00	58.9179752	-0.443926484
-2147481600	060+00	59.95714717	0.113505038
-2147481600	060+00	60.64717355	0.483074534
-2147481600	060+00	59.7859448	-0.015270792
-2147481600	060+00	59.60649237	-0.12081289
-2147481600	060+00	60.57811406	0.433798061
-2147481600	060+00	59.74851769	-0.060761326
-2147481600	060+00	60.60137625	0.424961512
-2147481600	060+00	60.0553247	0.106844013
-2147483584	060+00	59.8431606	-0.02250812
-2147481600	060+00	59.0660835	-0.489385547
-2147481600	060+00	60.79203995	0.465163042
-2147481600	060+00	60.67611701	0.34539663
-2147481600	060+00	60.14254804	0.017901814
-2147481600	060+00	60.42043709	0.169206999
-2147481600	060+00	60.95323269	0.457768146
-2147481600	060+00	60.02930978	-0.085146545
-2147483584	060+00	59.50245541	-0.427282486
-2147481600	060+00	60.07008345	-0.130654527
-2147481600	060+00	60.59957584	0.162222866
-2147483584	060+00	60.64522508	0.18080004
-2147481600	060+00	60.80799712	0.256465581
-2147481600	060+00	60.40262917	-0.016811195
-2147481600	060+00	60.66897651	0.123328016
-2147481600	060+00	60.85485815	0.230163591
-2147481600	060+00	60.71860439	0.125243781
-2147481600	060+00	60.84090149	0.166085243
-2147481600	060+00	60.4013702	-0.092454003
-2147481600	060+00	59.98352467	-0.334857123
-2147481600	060+00	61.07268358	0.286433063
-2147483584	060+00	60.48586521	-0.070414953
-2147481600	060+00	60.59013934	-0.01089516
-2147481600	060+00	60.21109361	-0.234020624
-2147481600	060+00	60.27872414	-0.22204605
-2147481600	060+00	60.58243985	-0.124455203
-2147481600	060+00	60.52253657	-0.179878533
-2147481600	060+00	60.12668846	-0.444598268
-2147481600	060+00	60.44424206	-0.338708778
-2147481600	060+00	60.56831742	-0.303281494
-2147481600	060+00	60.44870862	-0.375054638
-2147481600	060+00	60.40315215	-0.409142682
-2147481600	060+00	60.59723604	-0.319367436
-2147481600	060+00	61.33194576	0.099735048
-2147481600	060+00	61.343359	0.072098357
-2147483584	060+00	61.38992664	0.080808441
-2147481600	060+00	61.03804846	-0.139121316
-2147481600	060+00	61.01676296	-0.181454512
-2147481600	060+00	60.521501	-0.478504498
-2147481600	060+00	61.08316768	-0.182594482
-2147481600	060+00	60.69564418	-0.413387697
-2147483584	060+00	61.33320974	-0.123571968
-2147481600	060+00	60.90383567	-0.412206329
-2147481600	060+00	61.05464623	-0.346504696
-2147481600	060+00	61.072488	-0.378360531
-2147481600	060+00	61.02641337	-0.468662026
-2147483584	060+00	61.19156256	-0.409272718
-2147481600	060+00	61.4300762	-0.351184551
-2147481600	006+00	5.692397615	0.359988889
-2147481600	006+00	5.644697909	0.329443872
-2147481600	006+00	5.852075367	0.42810043
-2147481600	006+00	5.69252344	0.333895234
-2147481600	006+00	5.656368174	0.312458327
-2147481600	006+00	5.818222627	0.403938697
-2147481600	006+00	5.630325214	0.289157344
-2147481600	006+00	5.951211419	0.467776094
-2147481600	006+00	5.860778242	0.41070896
-2147481600	006+00	5.604361599	0.260328774
-2147481600	006+00	5.812658766	0.374256921
-2147481600	006+00	5.990296282	0.475427219
-2147481600	006+00	5.84496254	0.386731122
-2147481600	006+00	5.712339854	0.306026365
-2147481600	006+00	5.994267641	0.46881856
-2147481600	006+00	5.756317765	0.319063315
-2147481600	006+00	5.749974701	0.313551056
-2147481600	006+00	5.829809478	0.357808892
-2147483584	006+00	5.68255708	0.271280439
-2147481600	006+00	5.589197757	0.215924538
-2147481600	006+00	5.982787029	0.439488014
-2147481600	006+00	5.917044235	0.400356778
-2147481600	006+00	5.856644727	0.359567286
-2147481600	006+00	5.899990483	0.375372267
-2147481600	006+00	5.828739503	0.33274648
-2147481600	006+00	5.932358478	0.387194594
-2147481600	006+00	5.839977687	0.333048822
-2147481600	006+00	5.760112704	0.286279965
-2147481600	006+00	5.577015095	0.178308954
-2147483584	006+00	5.880973905	0.352881999
-2147481600	006+00	5.854588061	0.336328594
-2147481600	006+00	5.78196436	0.292349461
-2147483584	006+00	6.015754389	0.426269864
-2147483584	006+00	5.621791055	0.193200285
-2147481600	006+00	5.545424793	0.148724378
-2147481600	006+00	5.990166508	0.405384805
-2147483584	006+00	6.082164823	0.45271334
-2147481600	006+00	6.06789776	0.436290045
-2147481600	006+00	5.766888406	0.260224307
-2147481600	006+00	5.907767695	0.338532739
-2147481600	006+00	5.757456954	0.250784195
-2147481600	006+00	6.118180913	0.457305813
-2147481600	006+00	5.800319452	0.272492057
-2147481600	006+00	5.684259641	0.203821535
-2147481600	006+00	5.654953478	0.185010907
-2147481600	006+00	5.892980885	0.320485198
-2147481600	006+00	5.601651184	0.150772181
-2147483584	006+00	5.974393096	0.363103991
-2147481600	006+00	5.647465776	0.173778479
-2147481600	006+00	5.717044661	0.212174548
-2147481600	006+00	5.561710501	0.117386539
-2147481600	006+00	5.757909481	0.230617473
-2147483584	006+00	6.064034483	0.402787227
-2147481600	006+00	6.012349941	0.372325688
-2147481600	006+00	5.82858947	0.264670451
-2147481600	006+00	5.894914223	0.29331236
-2147481600	006+00	5.980911778	0.342506731
-2147481600	006+00	6.032507848	0.367298152
-2147481600	006+00	5.602346051	0.115751064
-2147481600	006+00	5.676323232	0.158093336
-2147481600	006+00	5.544298645	0.080798783
-2147481600	006+00	6.189235198	0.4507185
-2147481600	006+00	5.844908299	0.251445176
-2147481600	006+00	6.029565854	0.35633606
-2147481600	006+00	5.711356766	0.167742623
-2147481600	006+00	5.908761373	0.280718707
-2147481600	006+00	5.983807774	0.323600435
-2147481600	006+00	5.650167547	0.130206016
-2147481600	006+00	5.830217436	0.231514852
-2147481600	006+00	5.877157508	0.256831534
-2147481600	006+00	5.803023257	0.213157071
-2147481600	006+00	6.085144481	0.375963179
-2147483584	006+00	6.148138105	0.406372382
-2147481600	006+00	5.702133118	0.148032996
-2147481600	006+00	6.012597845	0.325595206
-2147481600	006+00	6.066397482	0.353965518
-2147481600	006+00	6.007626996	0.318789451
-2147481600	006+00	5.641295897	0.106991153
-2147481600	006+00	5.835737935	0.216171333
-2147481600	006+00	5.949301397	0.277433757
-2147481600	006+00	6.169055087	0.401311815
-2147481600	006+00	5.679131317	0.111265567
-2147481600	006+00	6.214140776	0.4200166
-2147481600	006+00	6.153212225	0.384811393
-2147481600	006+00	5.942969297	0.258522668
-2147481600	006+00	5.584489834	0.049930856
-2147483584	006+00	5.661132332	0.091722995
-2147481600	006+00	5.712591634	0.118331367
-2147481600	006+00	6.04845634	0.310914424
-2147481600	006+00	6.100403107	0.337552523
-2147483584	006+00	5.988856243	0.268744962
-2147481600	006+00	5.735333723	0.122268827
-2147481600	006+00	6.176480359	0.375289353
-2147481600	006+00	5.650708771	0.071054696
-2147481600	006+00	5.521937267	-0.0067416
-2147483584	006+00	5.705625019	0.095297277
-2147481600	006+00	5.906232983	0.206648335
-2147481600	006+00	5.749797437	0.115877462
-2147481600	006+00	5.819162901	0.148985732
-2147481600	006+00	6.004272112	0.255670973
-2147481600	006+00	6.250453014	0.394033632
-2147481600	006+00	5.688130189	0.068664062
-2147481600	006+00	5.818399196	0.141438335
-2147481600	006+00	6.215637461	0.368903229
-2147481600	006+00	6.032448562	0.25590381
-2147481600	006+00	6.159278052	0.32765033
-2147481600	006+00	5.789715638	0.112627062
-2147481600	006+00	6.053420316	0.263578565
-2147481600	006+00	5.672270779	0.043548417
-2147481600	006+00	6.263297875	0.380752271
-2147481600	006+00	5.580132002	-0.019154426
-2147481600	006+00	6.145712035	0.303140281
-2147481600	006+00	6.043846134	0.238979912
-2147481600	006+00	5.809752916	0.100620182
-2147481600	006+00	6.176866724	0.309569454
-2147481600	006+00	6.003925364	0.208992833
-2147481600	006+00	6.25299116	0.35244703
-2147481600	006+00	6.246077944	0.347844152
-2147481600	006+00	6.093807909	0.259511441
-2147481600	006+00	6.204616268	0.323021652
-2147481600	006+00	6.03508125	0.221024861
-2147481600	006+00	6.096468825	0.256040864
-2147481600	006+00	6.132296029	0.27510104
-2147483584	006+00	5.710062615	0.028938288
-2147481600	006+00	6.064130604	0.229013541
-2147481600	006+00	5.67919141	0.0068041
-2147481600	006+00	5.764911796	0.053510499
-2147481600	006+00	5.660578233	-0.010323175
-2147481600	006+00	6.238011346	0.322293314
-2147481600	006+00	6.170974299	0.28024062
-2147481600	006+00	6.159603871	0.273526341
-2147481600	006+00	6.140821571	0.259665593
-2147481600	006+00	6.283386041	0.339913068
-2147481600	006+00	5.590358388	-0.06045816
-2147481600	006+00	6.110189701	0.237508504
-2147483584	006+00	5.981235945	0.162369986
-2147481600	006+00	5.764528665	0.036715157
-2147483584	006+00	5.860386814	0.09099341
-2147481600	006+00	5.945018358	0.138714942
-2147481600	006+00	5.70489839	0.000116575
-2147481600	006+00	5.824252614	0.063087891
-2147481600	006+00	5.940984062	0.124149163
-2147481600	006+00	6.302968525	0.332373793
-2147481600	006+00	5.819248052	0.051439794
-2147481600	006+00	5.740125654	0.005266945
-2147481600	006+00	6.010661913	0.15937755
-2147481600	006+00	6.214413949	0.275055928
-2147481600	006+00	6.14100261	0.228413271
-2147483584	006+00	5.535302393	-0.122243581
-2147481600	006+00	6.234488441	0.277034869
-2147481600	006+00	6.244334187	0.28143333
-2147481600	006+00	6.256224647	0.283144835
-2147481600	006+00	6.33168821	0.326156918
-2147481600	006+00	6.338827352	0.327875016
-2147481600	006+00	5.871610721	0.055044261
-2147481600	006+00	6.145447798	0.212340547
-2147481600	006+00	6.199056699	0.240129547
-2147481600	006+00	6.133075906	0.200449471
-2147481600	006+00	5.818736395	0.017617237
-2147481600	006+00	5.861523846	0.040531524
-2147481600	006+00	5.706604741	-0.048846733
-2147481600	006+00	5.92106235	0.073454868
-2147481600	006+00	5.940706932	0.083340425
-2147481600	006+00	5.624831142	-0.098698459
-2147481600	006+00	6.243681298	0.257079686
-2147481600	006+00	5.69880059	-0.059504642
-2147481600	006+00	5.963787757	0.092917292
-2147481600	006+00	6.287171251	0.27516428
-2147483584	006+00	5.654604288	-0.089074627
-2147481600	006+00	5.560367484	-0.145102496
-2147481600	006+00	5.583684854	-0.131909826
-2147481600	006+00	6.234908966	0.241811054
-2147481600	006+00	5.744792545	-0.040665993
-2147483584	006+00	6.321327101	0.288007745
-2147481600	006+00	6.372936576	0.315890258
-2147481600	006+00	6.138356147	0.176832773
-2147481600	006+00	5.582939366	-0.144845549
-2147481600	006+00	5.729249531	-0.06094092
-2147481600	006+00	5.721942845	-0.066223929
-2147481600	006+00	6.344035689	0.289943059
-2147481600	006+00	5.554747948	-0.164865826
-2147483584	006+00	6.200781027	0.200533472
-2147481600	006+00	6.117988011	0.152675
-2147481600	006+00	5.652487459	-0.115911464
-2147481600	006+00	6.034262151	0.103437689
-2147481600	006+00	6.316433165	0.263154148
-2147481600	006+00	6.080606129	0.11016707
-2147483584	006+00	5.876139852	-0.007897027
-2147481600	006+00	5.744697385	-0.083638532
-2147481600	006+00	6.163490742	0.151288491
-2147481600	006+00	6.28935038	0.223545507
-2147481600	006+00	6.325769455	0.241140594
-2147481600	006+00	6.39490219	0.278701754
-2147481600	006+00	6.342628173	0.245525142
-2147481600	006+00	6.366946096	0.258957939
-2147481600	006+00	6.170315	0.141396358
-2147481600	006+00	6.276477868	0.201414159
-2147481600	006+00	6.188732967	0.148876173
-2147481600	006+00	6.232170804	0.167335761
-2147481600	006+00	6.398079497	0.256663642
-2147481600	006+00	6.367015708	0.235157652
-2147481600	006+00	6.085055502	0.071782371
-2147481600	006+00	5.859182291	-0.058640591
-2147481600	006+00	6.164341119	0.11627796
-2147481600	006+00	5.795750975	-0.097612248
-2147481600	006+00	5.658725365	-0.179294517
-2147481600	006+00	5.895458412	-0.053527012
-2147481600	006+00	6.176122101	0.106824678
-2147481600	006+00	5.786446077	-0.117827381
-2147481600	006+00	5.60293606	-0.225424548
-2147481600	006+00	6.229794962	0.134324954
-2147481600	006+00	6.115613064	0.061860171
-2147481600	006+00	6.288170811	0.159114242
0	006+00	5.978409149	-0.019236936
-2147481600	006+00	5.731364049	-0.161233641
-2147481600	006+00	6.382150875	0.211713293
-2147481600	006+00	6.144849409	0.072838423
-2147481600	006+00	5.641031104	-0.217803544
-2147481600	006+00	6.422530793	0.230268683
-2147481600	006+00	5.608708583	-0.238728144
0	006+00	5.960643016	-0.039896835
0	006+00	5.938208746	-0.054851046
0	006+00	6.18675997	0.087205474
-2147481600	006+00	6.288644052	0.14448213
-2147481600	006+00	5.908470359	-0.079320188
-2147481600	006+00	5.593459539	-0.262689321
-2147483584	006+00	6.343900634	0.168188039
-2147481600	006+00	6.104624789	0.028725519
-2147481600	006+00	5.743134476	-0.181794575
0	006+00	6.212369169	0.0823239
-2147481600	006+00	5.811570255	-0.151703109
-2147481600	006+00	5.693155654	-0.220092814
-2147481600	006+00	6.311940502	0.123217111
-2147481600	006+00	6.376403485	0.157882068
0	006+00	6.244665644	0.081980075
-2147483584	006+00	5.768569223	-0.19337439
-2147481600	006+00	6.435999067	0.189052771
-2147481600	006+00	6.165631037	0.028381988
-2147481600	006+00	6.30255812	0.103672257
-2147481600	006+00	5.746358245	-0.216275439
-2147483584	006+00	5.884704232	-0.138368091
0	006+00	5.970522718	-0.094184622
0	006+00	6.154400391	0.010054811
-2147481600	006+00	6.373982455	0.126260332
-2147481600	006+00	6.00473007	-0.087493307
0	006+00	6.112374704	-0.026017472
-2147481600	006+00	5.731403753	-0.245376676
-2147481600	006+00	6.224427374	0.03678383
-2147481600	006+00	6.301764905	0.079921029
-2147481600	006+00	5.817528241	-0.199773782
-2147481600	006+00	6.310053126	0.082155819
-2147481600	006+00	6.179512792	0.005099512
-2147481600	006+00	6.359617476	0.108339129
-2147481600	006+00	5.913467398	-0.153357424
-2147481600	006+00	5.779722471	-0.23046825
-2147481600	006+00	6.460938646	0.158283041
-2147481600	006+00	5.697464029	-0.287901999
-2147481600	006+00	6.433517989	0.133226654
-2147481600	006+00	5.733862856	-0.268404926
-2147481600	006+00	5.778446453	-0.248366638
-2147481600	006+00	5.665582561	-0.314309813
-2147481600	006+00	6.320600434	0.060172138
-2147481600	006+00	6.199074647	-0.01077192
-2147481600	006+00	5.727075213	-0.281831208
-2147481600	006+00	5.800162038	-0.240815212
-2147481600	006+00	6.035022656	-0.106524224
-2147481600	006+00	6.151821514	-0.041076437
-2147481600	006+00	5.844415692	-0.222992435
-2147481600	006+00	6.360838805	0.071311444
-2147481600	006+00	6.245959855	0.004787539
-2147481600	006+00	6.008044941	-0.131675689
0	006+00	6.3897648	0.083923736
-2147481600	006+00	5.738294886	-0.291905626
-2147481600	006+00	6.297577835	0.028755393
-2147481600	006+00	6.056018972	-0.111390322
-2147481600	006+00	6.459173563	0.114331309
-2147481600	006+00	6.376652417	0.065026499
-2147481600	006+00	6.261219955	-0.001641888
-2147483584	006+00	6.080793596	-0.105634737
-2147481600	006+00	6.229023437	-0.02186877
-2147481600	006+00	6.236525089	-0.018360258
-2147483584	006+00	5.761409346	-0.291615284
-2147481600	006+00	5.661400115	-0.349085777
-2147483584	006+00	6.003714163	-0.158041567
0	006+00	6.441573932	0.091513793
-2147481600	006+00	5.943103175	-0.19506535
-2147481600	006+00	6.356933466	0.038246784
-2147483584	006+00	5.913656779	-0.216966486
-2147481600	006+00	6.411610122	0.067313114
-2147481600	006+00	6.280680668	-0.011400835
-2147483584	006+00	6.071403538	-0.132651762
-2147481600	006+00	6.211919206	-0.05334957
-2147481600	006+00	6.115957408	-0.111762679
-2147481600	006+00	6.141555889	-0.097977704
-2147481600	006+00	6.338458358	0.014020179
-2147483584	006+00	6.318949282	0.000872972
-2147481600	006+00	6.465834007	0.084256184
-2147483584	006+00	6.257137774	-0.037257267
-2147481600	006+00	5.988461259	-0.204167471
-2147483584	006+00	6.422560884	0.041217525
-2147481600	006+00	5.921368055	-0.251788175
-2147483584	006+00	6.370898489	0.004548573
-2147483584	006+00	6.144493445	-0.125866855
-2147481600	006+00	6.094539102	-0.156591343
-2147483584	006+00	6.288640919	-0.050784999
-2147483584	006+00	6.017584886	-0.206365282
-2147481600	006+00	6.220132477	-0.093660443
-2147481600	006+00	6.19035305	-0.112207587
-2147481600	006+00	6.063980829	-0.188881425
-2147481600	006+00	6.401666971	0.001935331
-2147483584	006+00	5.902445771	-0.285599927
-2147483584	006+00	5.94571769	-0.2610829
-2147481600	006+00	5.763910906	-0.368651729
-2147481600	006+00	5.720570988	-0.396486657
-2147483584	006+00	5.995227579	-0.240628065
-2147481600	006+00	5.885476917	-0.305275434
-2147481600	006+00	5.926903045	-0.281841089
-2147481600	006+00	6.35682614	-0.040905817
-2147481600	006+00	6.39538838	-0.02338903
-2147481600	006+00	6.176360424	-0.149162865
0	006+00	6.447045896	0.001943661
-2147481600	006+00	5.763604012	-0.39218686
-2147481600	006+00	6.243606729	-0.12348616
-2147483584	006+00	6.427567514	-0.019845938
-2147481600	006+00	6.025365947	-0.250129704
-2147481600	006+00	6.296915739	-0.097981532
-2147481600	006+00	6.130114653	-0.194669715
-2147481600	006+00	6.326321227	-0.083320027
-2147481600	006+00	6.250503201	-0.129702017
-2147481600	006+00	5.753109336	-0.414511521
-2147481600	006+00	6.215782386	-0.150048529
-2147483584	006+00	6.358931621	-0.069760406
-2147481600	006+00	6.319243881	-0.099949341
-2147481600	006+00	6.274979741	-0.130472076
-2147481600	006+00	6.485829468	-0.010905338
-2147483584	006+00	5.810225335	-0.402463038
-2147481600	006+00	5.782325112	-0.419661125
-2147483584	006+00	6.308710602	-0.118640994
-2147481600	006+00	6.250358801	-0.15256982
-2147481600	006+00	6.202315246	-0.181791369
-2147481600	006+00	6.089745827	-0.246706233
-2147481600	006+00	6.178201231	-0.198025334
-2147483584	006+00	6.365006821	-0.09365747
-2147481600	006+00	6.452179935	-0.044279134
-2147481600	006+00	6.293291207	-0.142127839
-2147481600	006+00	6.426655806	-0.067816208
-2147481600	006+00	6.395673756	-0.096859848
-2147481600	006+00	6.3207736	-0.142568461
-2147481600	006+00	6.214389458	-0.207387309
-2147481600	006+00	5.995562935	-0.340239246
-2147481600	006+00	6.447941614	-0.086578553
-2147481600	006+00	6.126934163	-0.278189932
-2147481600	006+00	6.38132443	-0.133652082
-2147481600	006+00	6.195175755	-0.240407377
-2147481600	006+00	6.070778434	-0.315236863
-2147481600	006+00	6.214657065	-0.24752568
-2147481600	006+00	6.47786739	-0.099009992
-2147481600	006+00	6.392776437	-0.164438367
-2147481600	006+00	6.273371704	-0.236510384
-2147481600	006+00	6.36009158	-0.190730884
-2147481600	006+00	6.295033128	-0.233248682
-2147481600	006+00	5.90760272	-0.460811629
-2147481600	006+00	6.150119312	-0.337097625
-2147481600	006+00	6.298226746	-0.253064288
-2147481600	006+00	6.101089963	-0.369836447
-2147481600	006+00	6.183584386	-0.323202555
-2147481600	006+00	6.428756881	-0.189029188
-2147481600	006+00	6.38800814	-0.221701728
-2147481600	006+00	5.982374531	-0.456599859
-2147483136	006+00	6.15865714	-0.362371137
-2147483136	006+00	6.351162216	-0.253860306
-2147483136	006+00	6.373461247	-0.24605259
-2147483136	006+00	6.130568033	-0.384967094
-2147481600	006+00	6.104819716	-0.401139009
-2147483136	006+00	6.40734331	-0.230414999
-2147481600	006+00	6.347197353	-0.284795191
-2147483136	006+00	6.126862931	-0.410654418
-2147483136	006+00	6.323872745	-0.30148219
-2147481600	006+00	6.369216497	-0.277214833
-2147481600	006+00	6.274564784	-0.337265914
-2147483584	006+00	6.233385066	-0.36890596
-2147481600	006+00	6.31856427	-0.336810808
-2147483584	006+00	6.295603709	-0.35862374
-2147481600	006+00	6.347753002	-0.337943042
-2147481600	010+00	9.684992474	0.374193999
-2147481600	010+00	9.778945784	0.425369502
-2147481600	010+00	9.840068013	0.458227231
-2147481600	010+00	9.860147664	0.468479285
-2147481600	010+00	9.67817374	0.352025704
-2147481600	010+00	9.897283493	0.474203409
-2147481600	010+00	9.880021732	0.459208175
-2147481600	010+00	9.925305492	0.468938747
-2147481600	010+00	9.724413606	0.353665431
-2147481600	010+00	9.833541269	0.389621533
-2147483584	010+00	9.72579219	0.320670356
-2147481600	010+00	9.953686866	0.443166839
-2147481600	010+00	9.998625186	0.464035592
-2147481600	010+00	9.849899404	0.374356536
-2147483584	010+00	9.640249711	0.252647798
-2147481600	010+00	9.584239611	0.21587154
-2147481600	010+00	9.876969724	0.37290044
-2147481600	010+00	10.00844855	0.442889186
-2147481600	010+00	9.968545033	0.411428274
-2147481600	010+00	10.08558904	0.473595648
-2147481600	010+00	9.991579374	0.418720229
-2147481600	010+00	9.637911001	0.21699547
-2147481600	010+00	9.790346139	0.300791785
-2147481600	010+00	9.811744047	0.308566557
-2147483584	010+00	9.540048604	0.152025278
-2147481600	010+00	10.02170488	0.420326086
-2147481600	010+00	9.568761238	0.149799476
-2147483584	010+00	9.956051391	0.364513102
-2147481600	010+00	9.930285177	0.346560744
-2147481600	010+00	9.904049911	0.331765456
-2147481600	010+00	10.14803685	0.465600993
-2147481600	010+00	9.869229045	0.305369823
-2147481600	010+00	9.980513168	0.367209992
-2147481600	010+00	9.999575364	0.375468227
-2147481600	010+00	10.05635027	0.404159726
-2147481600	010+00	9.904082229	0.302704152
-2147481600	010+00	9.623442192	0.14577386
-2147481600	010+00	10.11921734	0.420175594
-2147481600	010+00	10.1610087	0.442465662
-2147481600	010+00	9.955476134	0.323074684
-2147481600	010+00	9.830412052	0.249001853
-2147481600	010+00	10.030854	0.360052641
-2147483584	010+00	9.786274861	0.223025008
-2147481600	010+00	10.19321464	0.446341896
-2147481600	010+00	9.56801936	0.095868129
-2147481600	010+00	9.751846776	0.197523239
-2147481600	010+00	9.934032433	0.293214961
-2147481600	010+00	9.914782512	0.282229131
-2147483584	010+00	9.715098849	0.166670099
-2147483584	010+00	9.596477876	0.095479318
-2147481600	010+00	9.885428889	0.255729808
-2147483584	010+00	10.08483417	0.364282171
-2147481600	010+00	9.844612815	0.2299694
-2147481600	010+00	9.984730805	0.30737092
-2147481600	010+00	9.905037148	0.262629543
0	010+00	9.582927534	0.073037619
-2147483584	010+00	10.11899961	0.364510825
-2147481600	010+00	9.699351492	0.128147619
-2147481600	010+00	9.991526959	0.288633417
-2147481600	010+00	10.04967011	0.318315042
-2147481600	010+00	10.03248088	0.306188406
-2147481600	010+00	10.00887279	0.263520127
-2147481600	010+00	10.239807	0.390933733
-2147481600	010+00	10.17869427	0.356541508
-2147481600	010+00	9.648396134	0.058771188
-2147481600	010+00	9.524170961	-0.013923008
-2147481600	010+00	9.831911446	0.150735512
-2147481600	010+00	9.991139297	0.238949181
-2147481600	010+00	10.12759311	0.312319259
-2147481600	010+00	10.07832004	0.283401605
-2147481600	010+00	10.04519799	0.263009717
-2147481600	010+00	10.24103848	0.370195999
-2147481600	010+00	9.896717091	0.177940516
-2147481600	010+00	9.967056154	0.211124997
-2147481600	010+00	9.670509674	0.042442387
-2147481600	010+00	10.15665629	0.296252365
-2147481600	010+00	10.28681794	0.366691271
-2147481600	010+00	9.82742905	0.10882023
-2147481600	010+00	9.893896344	0.14318753
-2147481600	010+00	10.24543381	0.331516188
-2147481600	010+00	10.06439247	0.225402173
-2147481600	010+00	9.972810519	0.172889882
-2147481600	010+00	10.26984094	0.322129861
-2147481600	010+00	9.700728459	0.004461507
-2147481600	010+00	9.605019535	-0.051903253
-2147481600	010+00	10.23011855	0.291349079
0	010+00	9.897004501	0.103387276
-2147483584	010+00	9.560757337	-0.085830408
-2147481600	010+00	9.929496291	0.119014573
-2147481600	010+00	10.20255495	0.271161129
-2147481600	010+00	9.665576712	-0.030162639
-2147481600	010+00	9.997479038	0.154775801
-2147481600	010+00	10.2336207	0.268616497
-2147481600	010+00	10.13750263	0.213776193
0	010+00	9.915861066	0.089734017
-2147481600	010+00	10.30840903	0.305089796
-2147481600	010+00	9.830655122	0.0358671
-2147483584	010+00	9.619681683	-0.083402083
-2147481600	010+00	10.11317713	0.177705387
-2147481600	010+00	9.732810288	-0.036405021
-2147483584	010+00	9.597491209	-0.116079382
-2147481600	010+00	9.670291417	-0.076284782
-2147483584	010+00	9.949410449	0.074445521
0	010+00	9.910555813	0.049723203
-2147481600	010+00	10.0612019	0.130272025
-2147481600	010+00	9.989585431	0.090179221
-2147481600	010+00	9.637339798	-0.107261077
-2147481600	010+00	9.705922316	-0.073139249
-2147483584	010+00	10.23835441	0.216591975
-2147481600	010+00	9.771320538	-0.046338511
-2147481600	010+00	10.31279249	0.255085141
-2147481600	010+00	9.76611143	-0.072168043
-2147481600	010+00	10.27627748	0.208239209
-2147483584	010+00	9.859868099	-0.0264212
-2147483584	010+00	10.14140131	0.128530806
-2147481600	010+00	10.2436131	0.184375872
-2147481600	010+00	9.787564344	-0.069485198
-2147481600	010+00	9.689243194	-0.134793073
-2147483584	010+00	9.895377851	-0.022149066
-2147481600	010+00	9.826204044	-0.061638769
-2147483584	010+00	10.09577676	0.087849571
-2147483584	010+00	10.30073492	0.196973996
