glon	         glat	      fe_h	      fe_h_err	  ni_h	      ni_h_err
213.3441111	-0.38173173	-0.2788677	0.03581661	-0.29393	0.04295419
213.3441111	-0.38173173	0.02712188	0.0329342	0.03798916	0.03612221
213.3441111	-0.38173173	-0.01097488	0.03122801	-0.01912503	0.03356533
213.3441111	-0.38173173	-0.09365704	0.03568994	-0.1087803	0.04199589
213.3441111	-0.38173173	0.1862103	0.03129168	0.06658843	0.03323805
213.3441111	-0.38173173	-0.1388893	0.03422545	-0.1488706	0.03854199
213.3441111	-0.38173173	0.01896898	0.03399073	-0.1506197	0.03823107
213.3441111	-0.38173173	-0.05773196	0.03472097	-0.05747613	0.03913208
213.3441111	-0.38173173	-0.1375123	0.03493538	-0.09086995	0.04122692
213.3441111	-0.38173173	0.1412837	0.03389489	0.1565146	0.03904163
213.3441111	-0.38173173	-0.1737319	0.03604384	-0.3247386	0.04307783
213.3441111	-0.38173173	0.2074458	0.03179803	0.2609039	0.0348443
213.3441111	-0.38173173	0.1892595	0.03221656	0.2927392	0.03501776
213.3441111	-0.38173173	-0.04668669	0.03450982	-0.02445778	0.03975795
213.3441111	-0.38173173	0.1020082	0.03518666	0.06305052	0.04230343
213.3441111	-0.38173173	0.05527371	0.03392434	-0.05992223	0.03916904
213.3441111	-0.38173173	-0.08539721	0.03435099	-0.05589044	0.03862379
213.3441111	-0.38173173	0.177296	0.03173585	0.3403446	0.03556735
213.3441111	-0.38173173	-0.01373866	0.03412637	0.03888554	0.04021227
213.3441111	-0.38173173	-0.3773246	0.0364515	-0.3941654	0.04282657
213.3441111	-0.38173173	-0.05666146	0.03470955	-0.08154628	0.03908509
213.3441111	-0.38173173	-0.07995931	0.03406708	-0.1115321	0.03816094
213.3441111	-0.38173173	-0.2136143	0.03298707	-0.2092142	0.03673431
213.3441111	-0.38173173	0.05557718	0.03307762	0.05290589	0.03681234
213.3441111	-0.38173173	0.1776018	0.0308955	0.2122807	0.03284184
213.3441111	-0.38173173	0.1690552	0.0311743	0.1753925	0.03310857
213.3441111	-0.38173173	0.02938082	0.03470689	0.01678197	0.03993825
213.3441111	-0.38173173	0.05843265	0.03298406	0.04682775	0.03613707
213.3441111	-0.38173173	0.1203563	0.03319925	0.1444666	0.03693137
213.3441111	-0.38173173	0.1358508	0.03413305	0.140564	0.039725
213.3441111	-0.38173173	0.1123922	0.03261955	0.1528264	0.03543797
213.3441111	-0.38173173	-9999	-9999	-9999	-9999
213.3441111	-0.38173173	-0.108561	0.03368872	-0.167981	0.03759962
213.3441111	-0.38173173	0.06311828	0.0345729	-0.06047935	0.0400428
213.3441111	-0.38173173	-0.1128678	0.0346569	-0.125533	0.03985958
213.3441111	-0.38173173	0.04374479	0.03494589	-0.02512377	0.04060502
213.3441111	-0.38173173	-9999	-9999	-9999	-9999
213.3441111	-0.38173173	-0.3744618	0.03346853	-0.4092995	0.03785121
213.3441111	-0.38173173	-9999	-9999	-9999	-9999
213.3441111	-0.38173173	0.06992023	0.03175078	0.1000051	0.03418127
213.3441111	-0.38173173	0.3130348	0.03327897	0.4180094	0.03903626
213.3441111	-0.38173173	0.3390823	0.03054126	-9999	-9999
213.3441111	-0.38173173	0.1076892	0.03332555	0.13425	0.03804179
213.3441111	-0.38173173	-0.3873511	0.04011614	-0.3785685	0.05251874
213.3441111	-0.38173173	0.1279007	0.03241038	0.08113791	0.0358692
213.3441111	-0.38173173	0.1013167	0.03319298	0.06398291	0.03701073
213.3441111	-0.38173173	0.1917185	0.03287288	0.1803341	0.03653753
213.3441111	-0.38173173	-0.1247808	0.03215769	-0.1245786	0.03523156
213.3441111	-0.38173173	-0.05891803	0.03526269	-0.06878775	0.04115233
213.3441111	-0.38173173	0.1121449	0.03374926	0.1329993	0.0385403
213.3441111	-0.38173173	0.2271778	0.03090111	0.2542084	0.03386767
213.3441111	-0.38173173	0.1921135	0.03124655	0.2083575	0.03315532
213.3441111	-0.38173173	-0.119305	0.0343822	-0.1646488	0.03966533
213.3441111	-0.38173173	0.1952042	0.03091186	0.2505094	0.03269454
213.3441111	-0.38173173	0.1524318	0.03181321	-0.02496687	0.03414924
213.3441111	-0.38173173	-0.1408015	0.03140179	-0.104967	0.03406506
213.3441111	-0.38173173	0.1649951	0.03140607	0.171109	0.03412878
213.3441111	-0.38173173	-9999	-9999	-9999	-9999
213.3441111	-0.38173173	-0.0109142	0.03638544	0.03632106	0.04397955
213.3441111	-0.38173173	0.05501433	0.03474395	0.05623511	0.0415011
213.3441111	-0.38173173	-9999	-9999	-9999	-9999
213.3441111	-0.38173173	0.2427371	0.03123317	0.2742684	0.03356699
213.3441111	-0.38173173	0.1127358	0.03211186	0.1162589	0.03466051
213.3441111	-0.38173173	-1.477589	0.05231617	-1.568013	0.07812306
213.3441111	-0.38173173	0.05729466	0.03455464	0.1049992	0.04040627
213.3441111	-0.38173173	0.04837031	0.03228749	0.0479506	0.03507879
213.3441111	-0.38173173	-9999	-9999	-9999	-9999
213.3441111	-0.38173173	-0.1051024	0.03412598	-0.1144159	0.03835132
213.3441111	-0.38173173	-9999	-9999	-9999	-9999
213.3441111	-0.38173173	0.003944122	0.03366498	0.06576907	0.03990962
213.3441111	-0.38173173	-0.3203601	0.03650872	-0.308124	0.04321514
213.3441111	-0.38173173	-0.1150961	0.03430713	-0.1364872	0.03860753
213.3441111	-0.38173173	-0.21066	0.03537869	-0.3256611	0.04204241
213.3441111	-0.38173173	-0.06403555	0.03380367	-0.05764696	0.03768796
213.3441111	-0.38173173	-0.2683733	0.0365777	-0.2680899	0.04372686
213.3441111	-0.38173173	0.02817332	0.03408085	0.02647075	0.03888751
213.3441111	-0.38173173	-0.01237486	0.0350212	-0.04842751	0.04022515
213.3441111	-0.38173173	0.1896123	0.03237472	0.2252283	0.0355675
213.3441111	-0.38173173	-0.1054956	0.03504156	-0.1009671	0.03973475
213.3441111	-0.38173173	0.1580768	0.03276363	0.1324858	0.0355988
213.3441111	-0.38173173	-9999	-9999	-9999	-9999
213.3441111	-0.38173173	-0.01561168	0.03351009	0.0151463	0.03702655
213.3441111	-0.38173173	-0.03033065	0.03442186	0.002340417	0.03899281
213.3441111	-0.38173173	0.06058444	0.03281557	0.01068115	0.03649798
213.3441111	-0.38173173	0.06966163	0.03341421	0.08754306	0.03676913
213.3441111	-0.38173173	-0.09011547	0.03548134	-0.1366937	0.04262792
213.3441111	-0.38173173	-0.2179013	0.03931404	-0.2152756	0.05177664
213.3441111	-0.38173173	-0.1221129	0.03679122	-0.1608976	0.04471859
213.3441111	-0.38173173	0.02513934	0.0345601	-0.1378323	0.03969509
213.3441111	-0.38173173	-0.278743	0.03517612	-0.3110674	0.0404502
213.3441111	-0.38173173	-9999	-9999	-9999	-9999
213.3441111	-0.38173173	-9999	-9999	-9999	-9999
213.3441111	-0.38173173	-0.03714481	0.03453308	-0.1023124	0.03876985
213.3441111	-0.38173173	-9999	-9999	-9999	-9999
213.3441111	-0.38173173	-0.08743623	0.0357172	-0.06879108	0.04180778
213.3441111	-0.38173173	-0.06506364	0.03457325	-0.04749857	0.03955051
213.3441111	-0.38173173	-0.2693513	0.03731347	-0.276878	0.04588351
213.3441111	-0.38173173	0.01171096	0.03244441	-0.01804099	0.03540317
213.3441111	-0.38173173	0.2438879	0.0315051	0.2145588	0.0358891
213.3441111	-0.38173173	0.3170222	0.0325785	0.3383124	0.0373595
213.3441111	-0.38173173	0.1052747	0.03164568	0.1379885	0.03394
213.3441111	-0.38173173	-0.05956519	0.0349682	-0.09335154	0.04052137
213.3441111	-0.38173173	0.2802046	0.02994789	0.3575559	0.03105429
213.3441111	-0.38173173	0.1627548	0.03158703	0.1442916	0.03396198
213.3441111	-0.38173173	-0.2645987	0.03699236	-0.2492396	0.04444008
213.3441111	-0.38173173	0.03031247	0.03403023	0.01471441	0.03786753
213.3441111	-0.38173173	0.2145385	0.03193247	0.2063151	0.03416709
213.3441111	-0.38173173	0.08946557	0.03189677	0.1243311	0.03434367
213.3441111	-0.38173173	-0.2269154	0.03403766	-0.2403936	0.03843503
213.3441111	-0.38173173	-9999	-9999	-9999	-9999
213.3441111	-0.38173173	-0.659643	0.04267717	-0.7309869	0.05876956
213.3441111	-0.38173173	0.1626641	0.03186975	0.179503	0.03460781
213.3441111	-0.38173173	-0.022894	0.03405058	-0.0265838	0.03906451
213.3441111	-0.38173173	0.1277585	0.0331751	0.1729592	0.03861853
213.3441111	-0.38173173	-0.2422457	0.0363727	-0.3596202	0.04233545
213.3441111	-0.38173173	-0.623677	0.04301923	-0.6713974	0.05651642
213.3441111	-0.38173173	0.1346856	0.03034581	0.1583368	0.03188562
213.3441111	-0.38173173	0.3183267	0.03374425	0.4149779	0.04083551
213.3441111	-0.38173173	0.1657185	0.03057296	0.1987628	0.03221149
213.3441111	-0.38173173	0.1273458	0.03359041	0.1223135	0.03780571
213.3441111	-0.38173173	-0.1561731	0.03509595	-0.1434182	0.04001875
213.3441111	-0.38173173	-9999	-9999	-9999	-9999
213.3441111	-0.38173173	0.2449189	0.03061819	0.2882302	0.03210184
213.3441111	-0.38173173	0.2999817	0.03138462	0.3943793	0.03513416
213.3441111	-0.38173173	-0.2832711	0.03597813	-0.3037138	0.04170326
213.3441111	-0.38173173	0.1480345	0.03190906	0.1949804	0.03472856
213.3441111	-0.38173173	-0.01381026	0.03334783	-0.001313433	0.03843723
213.3441111	-0.38173173	-9999	-9999	-9999	-9999
213.3441111	-0.38173173	-1.373206	0.05325539	-1.298723	0.07961307
213.3441111	-0.38173173	-0.7373829	0.04358188	-0.7531853	0.05768606
213.3441111	-0.38173173	0.06897809	0.03278264	0.06948203	0.03579342
213.3441111	-0.38173173	-0.03828575	0.03460993	-0.02878639	0.03894509
213.3441111	-0.38173173	0.1444971	0.03350164	0.2317549	0.03833417
213.3441111	-0.38173173	0.2068383	0.03274836	0.2493675	0.03734824
213.3441111	-0.38173173	-0.188843	0.03603557	-0.2906221	0.04159594
213.3441111	-0.38173173	-0.2131082	0.03788904	-0.174284	0.04670048
213.3441111	-0.38173173	0.05218643	0.03558137	0.06860301	0.04357865
213.3441111	-0.38173173	-9999	-9999	-9999	-9999
213.3441111	-0.38173173	-0.05680139	0.03683775	-0.02456318	0.04575174
213.3441111	-0.38173173	-0.2011094	0.03457852	-0.13569	0.03920001
213.3441111	-0.38173173	0.1624763	0.03454269	0.177613	0.04084935
213.3441111	-0.38173173	-9999	-9999	-9999	-9999
213.3441111	-0.38173173	-1.144187	0.05010772	-1.068146	0.07032099
213.3441111	-0.38173173	-9999	-9999	-9999	-9999
213.3441111	-0.38173173	0.1768325	0.03300061	0.2305701	0.03813642
213.3441111	-0.38173173	-0.1982869	0.0385324	-0.1919395	0.04912446
213.3441111	-0.38173173	0.1036316	0.03548926	0.08248709	0.04397196
213.3441111	-0.38173173	-0.09231781	0.03547237	-0.09558985	0.04377381
213.3441111	-0.38173173	-0.007148016	0.03589749	0.009268127	0.04330017
213.3441111	-0.38173173	-0.108873	0.03550709	-0.1244299	0.04282241
213.3441111	-0.38173173	-0.2181989	0.03726241	-0.2311644	0.04539873
213.3441111	-0.38173173	0.0735726	0.03372424	0.03324186	0.03836709
213.3441111	-0.38173173	0.1403971	0.03136621	0.1851635	0.03345642
213.3441111	-0.38173173	-0.09299928	0.03529768	-0.09088686	0.04009904
213.3441111	-0.38173173	0.1534513	0.03081366	0.169955	0.03256464
213.3441111	-0.38173173	0.1636121	0.03388141	0.03250601	0.03884318
213.3441111	-0.38173173	0.06376441	0.03404414	0.1248169	0.03766704
213.3441111	-0.38173173	0.2679039	0.0310633	0.3506784	0.03343292
213.3441111	-0.38173173	0.08940331	0.03184825	0.09846647	0.03430045
213.3441111	-0.38173173	0.1805425	0.03186106	0.1885465	0.03413558
213.3441111	-0.38173173	-0.05823169	0.03424403	-0.02565538	0.03910128
213.3441111	-0.38173173	0.1126063	0.03404468	0.1468794	0.03866702
213.3441111	-0.38173173	-0.06235386	0.03093495	-0.008240011	0.03317989
213.3441111	-0.38173173	-0.004822529	0.03118837	-0.04592795	0.03345919
213.3441111	-0.38173173	0.1724862	0.03216859	0.1850442	0.03461711
213.3441111	-0.38173173	-0.07074707	0.03461273	-0.05850916	0.03895623
213.3441111	-0.38173173	0.04683908	0.03494841	0.04234149	0.04055534
213.3441111	-0.38173173	-0.1493784	0.03192841	-0.1478477	0.03542696
213.3441111	-0.38173173	-9999	-9999	-9999	-9999
213.3441111	-0.38173173	-9999	-9999	-9999	-9999
213.3441111	-0.38173173	-0.3894159	0.03233112	-0.1129777	0.03603548
213.3441111	-0.38173173	-0.08388878	0.03209948	-0.05314013	0.03504374
213.3441111	-0.38173173	-0.02997649	0.03608276	-0.03143729	0.04498579
213.3441111	-0.38173173	0.0911945	0.03117594	0.1042368	0.03329637
213.3441111	-0.38173173	-0.1654223	0.03183451	-0.1491211	0.034815
213.3441111	-0.38173173	-0.05641351	0.03705709	-0.08923703	0.04653221
213.3441111	-0.38173173	0.2791844	0.0306721	0.3617602	0.03329043
213.3441111	-0.38173173	-0.05459759	0.03498279	0.01570392	0.03936809
213.3441111	-0.38173173	-0.5510839	0.04302245	-0.582069	0.05918784
213.3441111	-0.38173173	0.1049556	0.03289381	0.1296653	0.0364439
213.3441111	-0.38173173	0.1162824	0.03074314	0.1052719	0.03258406
213.3441111	-0.38173173	-9999	-9999	-9999	-9999
213.3441111	-0.38173173	-9999	-9999	-9999	-9999
213.3441111	-0.38173173	-0.2802298	0.03335262	-0.2718241	0.03745094
213.3441111	-0.38173173	0.0683248	0.03350777	-0.008158825	0.03702525
213.3441111	-0.38173173	0.06550073	0.03347275	0.06153218	0.03954376
213.3441111	-0.38173173	-0.06403001	0.03709553	-0.07710194	0.04543434
213.3441111	-0.38173173	0.2244458	0.03243927	0.09686783	0.03567924
213.3441111	-0.38173173	0.03367811	0.03245073	0.07587504	0.0353457
213.3441111	-0.38173173	0.2154744	0.03203429	0.2483181	0.03555079
213.3441111	-0.38173173	-0.006359691	0.03345441	0.009715892	0.03701528
213.3441111	-0.38173173	0.07338361	0.0335889	0.05094716	0.0374417
213.3441111	-0.38173173	-0.1128353	0.03579395	-0.121762	0.04248348
213.3441111	-0.38173173	-0.0220773	0.03153819	-0.03489522	0.03405084
213.3441111	-0.38173173	0.2107059	0.03283329	0.2781163	0.03890636
213.3441111	-0.38173173	-9999	-9999	-9999	-9999
213.3441111	-0.38173173	0.2641355	0.03154066	0.355521	0.03576701
213.3441111	-0.38173173	-0.2878714	0.03664239	-0.3348639	0.04291184
213.3441111	-0.38173173	-0.8765058	0.03814986	-0.7303437	0.04709683
213.3441111	-0.38173173	-9999	-9999	-9999	-9999
213.3441111	-0.38173173	-9999	-9999	-9999	-9999
213.3441111	-0.38173173	-9999	-9999	-9999	-9999
213.3441111	-0.38173173	0.1971556	0.0296274	0.2318885	0.03074113
213.3441111	-0.38173173	0.04225152	0.03613388	-0.005981863	0.04549366
213.3441111	-0.38173173	0.3043549	0.03187502	0.3839582	0.03388375
213.3441111	-0.38173173	-0.05584031	0.03454893	-0.05292591	0.03886608
213.3441111	-0.38173173	0.07063761	0.03502241	0.04239784	0.04108864
213.3441111	-0.38173173	0.2606065	0.03316201	0.2930686	0.03749491
213.3441111	-0.38173173	0.05841609	0.03069277	0.05763639	0.03258352
213.3441111	-0.38173173	0.2690769	0.03143971	0.3268197	0.0333194
213.3441111	-0.38173173	-0.5198578	0.03875338	-0.5290989	0.04905777
213.3441111	-0.38173173	-0.2519988	0.03600042	-0.2346999	0.04338573
213.3441111	-0.38173173	0.1543622	0.03340426	0.1478094	0.03754868
213.3441111	-0.38173173	-0.05124991	0.03777509	-0.1180548	0.04780215
213.3441111	-0.38173173	0.2773924	0.03373094	0.3112652	0.03976406
213.3441111	-0.38173173	0.1443369	0.03360146	0.0467976	0.03782926
213.3441111	-0.38173173	0.03209335	0.03109895	0.06560619	0.03325261
213.3441111	-0.38173173	-0.6610946	0.03609325	-0.6856651	0.04285751
213.3441111	-0.38173173	0.2475998	0.03038978	0.3136412	0.03179372
213.3441111	-0.38173173	0.1950296	0.03105774	0.2598071	0.03287812
213.3441111	-0.38173173	-0.1944442	0.03659739	-0.1739691	0.0454841
213.3441111	-0.38173173	0.2444135	0.03013169	0.317318	0.03154579
213.3441111	-0.38173173	0.1544262	0.02983258	0.1904605	0.03112196
213.3441111	-0.38173173	0.2754864	0.02995967	0.353931	0.03132419
213.3441111	-0.38173173	-0.1318084	0.03808365	-0.1559047	0.05039459
213.3441111	-0.38173173	0.1309954	0.03133246	0.1066526	0.03343392
213.3441111	-0.38173173	-0.01451951	0.03033636	-0.08732074	0.03221973
213.3441111	-0.38173173	0.009119902	0.03491536	0.0183202	0.0404515
213.3441111	-0.38173173	-9999	-9999	-9999	-9999
213.3441111	-0.38173173	-9999	-9999	-9999	-9999
213.3441111	-0.38173173	-0.1814173	0.03243373	-0.2003191	0.03579831
213.3441111	-0.38173173	0.08061423	0.03386054	0.08618537	0.03920168
213.3441111	-0.38173173	-0.1422534	0.0351598	-0.1535889	0.03998318
213.3441111	-0.38173173	0.06968369	0.03108373	0.07396019	0.03315143
213.3441111	-0.38173173	-9999	-9999	-9999	-9999
213.3441111	-0.38173173	0.04294845	0.03120628	-0.1797252	0.03340363
213.3441111	-0.38173173	0.05779477	0.03351574	0.05107457	0.03707299
213.3441111	-0.38173173	-0.2019805	0.03665267	-0.4088398	0.04408104
213.3441111	-0.38173173	0.07245725	0.03214823	-0.01109755	0.03479965
213.3441111	-0.38173173	-0.1368955	0.03267304	-0.3422309	0.03650637
213.3441111	-0.38173173	-0.069742	0.03506318	-0.1393376	0.04153731
213.3441111	-0.38173173	-0.4621456	0.03828219	-0.4701444	0.04609806
213.3441111	-0.38173173	0.04654695	0.03495622	0.05291475	0.04098902
213.3441111	-0.38173173	-0.01656009	0.03083397	-0.03854004	0.03294474
213.3441111	-0.38173173	-0.05733217	0.03154083	-0.05105027	0.03411399
213.3441111	-0.38173173	-0.07821015	0.03454668	-0.0979342	0.03964359
213.3441111	-0.38173173	0.084302	0.03141326	0.0617772	0.03365788
213.3441111	-0.38173173	-0.02742546	0.0308328	-0.000257269	0.03296674
213.3441111	-0.38173173	0.05707823	0.03210394	0.04811696	0.03478307
213.3441111	-0.38173173	-0.01118617	0.03379603	-0.01574226	0.03812627
213.3441111	-0.38173173	-9999	-9999	-9999	-9999
213.3441111	-0.38173173	0.128543	0.03528959	0.1847257	0.04333604
213.3441111	-0.38173173	-0.1250872	0.03352542	-0.1447023	0.03741496
213.3441111	-0.38173173	0.1857054	0.03150253	0.2029926	0.03391185
213.3441111	-0.38173173	-9999	-9999	-9999	-9999
213.3441111	-0.38173173	-0.2979459	0.03201357	-0.2352237	0.03537041
213.3441111	-0.38173173	-9999	-9999	-9999	-9999
213.3441111	-0.38173173	-9999	-9999	-9999	-9999
213.3441111	-0.38173173	-9999	-9999	-9999	-9999
213.3441111	-0.38173173	-9999	-9999	-9999	-9999
213.3441111	-0.38173173	-9999	-9999	-9999	-9999
213.3441111	-0.38173173	0.04906784	0.03409252	0.0544169	0.03925588
213.3441111	-0.38173173	0.2059827	0.03068147	0.2228378	0.03231427
213.3441111	-0.38173173	0.1770786	0.03211906	0.1866162	0.03684681
213.3441111	-0.38173173	0.1252909	0.03271636	0.1500244	0.0355636
213.3441111	-0.38173173	-9999	-9999	-9999	-9999
213.3441111	-0.38173173	0.1823244	0.03407653	0.193252	0.04088199
213.3441111	-0.38173173	0.1230882	0.03245641	0.1121617	0.03577695
213.3441111	-0.38173173	-0.03474561	0.03578121	-0.0456204	0.04356996
213.3441111	-0.38173173	0.195641	0.0315129	0.2088749	0.03447967
213.3441111	-0.38173173	0.03816326	0.0324507	0.07143673	0.03657476
213.3441111	-0.38173173	0.2754376	0.03084755	0.3015203	0.03372903
213.3441111	-0.38173173	-0.1385391	0.03680705	-0.1607316	0.04566494
213.3441111	-0.38173173	-0.1088196	0.03291631	0.04450582	0.03604831
213.3441111	-0.38173173	-0.4096344	0.03613866	-0.4143533	0.0423608
213.3441111	-0.38173173	0.1737325	0.03149067	0.1822015	0.0335865
213.3441111	-0.38173173	0.1690934	0.03109013	0.2013292	0.03296505
213.3441111	-0.38173173	-0.1697713	0.03680654	-0.1352902	0.04495223
213.3441111	-0.38173173	-0.1819784	0.03735568	-0.219322	0.04667974
213.3441111	-0.38173173	0.02385623	0.03329557	0.04289222	0.03811671
213.3441111	-0.38173173	0.03344399	0.03545069	-0.02382686	0.04297262
213.3441111	-0.38173173	0.01804255	0.03515342	0.01044505	0.04254274
213.3441111	-0.38173173	0.2247287	0.03060918	0.2860406	0.03300963
213.3441111	-0.38173173	0.2382068	0.03456834	0.2613198	0.04173122
213.3441111	-0.38173173	0.1553018	0.0343047	0.1745701	0.042273
213.3441111	-0.38173173	-0.03192482	0.03501957	-0.03818933	0.04143387
213.3441111	-0.38173173	0.06276269	0.0326587	0.1324076	0.03549171
213.3441111	-0.38173173	0.05059861	0.02923484	0.09646259	0.03033189
213.3441111	-0.38173173	-9999	-9999	-9999	-9999
213.3441111	-0.38173173	0.08959812	0.03163058	0.1326087	0.03398987
213.3441111	-0.38173173	-9999	-9999	-9999	-9999
213.3441111	-0.38173173	-9999	-9999	-9999	-9999
213.3441111	-0.38173173	-0.4005245	0.03518815	-0.4157094	0.04073915
213.3441111	-0.38173173	-0.06196076	0.03716178	-0.1346141	0.04656232
213.3441111	-0.38173173	0.1654651	0.03233326	0.2249774	0.03584259
213.3441111	-0.38173173	0.0434895	0.0321746	0.0780595	0.03492209
213.3441111	-0.38173173	-0.5608283	0.04043299	-0.5834647	0.05235983
213.3441111	-0.38173173	-0.08050908	0.03528842	-0.1614369	0.04215769
213.3441111	-0.38173173	-9999	-9999	-9999	-9999
213.3441111	-0.38173173	0.37097	0.03187684	0.4242579	0.0359018
213.3441111	-0.38173173	0.2505223	0.03100676	0.3376352	0.03270916
213.3441111	-0.38173173	-0.1438977	0.03567599	-0.09082071	0.04275564
213.3441111	-0.38173173	-0.6559722	0.04404954	-0.6579188	0.06114247
213.3441111	-0.38173173	-0.01901988	0.03592667	-0.009384856	0.04218125
213.3441111	-0.38173173	0.04967207	0.03408504	0.1034367	0.0399012
213.3441111	-0.38173173	0.1295928	0.03286407	0.1374259	0.03576922
213.3441111	-0.38173173	-0.4566469	0.04007998	-0.5888593	0.05219295
213.3441111	-0.38173173	-0.01156037	0.0345448	-0.04288143	0.03880743
213.3441111	-0.38173173	-9999	-9999	-9999	-9999
213.3441111	-0.38173173	0.1703874	0.03236889	0.1994488	0.03494211
213.3441111	-0.38173173	-0.1772153	0.03837549	-0.2298215	0.04915582
213.3441111	-0.38173173	0.1025332	0.03494236	0.1254851	0.04113129
213.3441111	-0.38173173	0.1689442	0.03221698	0.2311528	0.03470286
213.3441111	-0.38173173	0.0224879	0.0311358	0.03806903	0.03334545
213.3441111	-0.38173173	-0.6999949	0.04526021	-0.6565337	0.06578103
213.3441111	-0.38173173	0.04222757	0.03477318	0.06266703	0.04000358
213.3441111	-0.38173173	0.004078031	0.03509026	0.02972041	0.04082005
213.3441111	-0.38173173	-0.06458244	0.03308846	-0.07511074	0.03656612
213.3441111	-0.38173173	0.05382119	0.0341974	0.04623616	0.03948385
213.3441111	-0.38173173	0.1298293	0.03603695	0.1433413	0.04573956
213.3441111	-0.38173173	-0.06202418	0.03532048	-0.1221387	0.04180472
213.3441111	-0.38173173	-9999	-9999	-9999	-9999
213.3441111	-0.38173173	0.2579438	0.03214632	0.1328444	0.03577042
213.3441111	-0.38173173	0.1163807	0.03316972	-0.01793091	0.03705821
213.3441111	-0.38173173	-0.1546791	0.03364713	-0.1706849	0.03764705
213.3441111	-0.38173173	-9999	-9999	-9999	-9999
213.3441111	-0.38173173	-1.296286	0.04865144	-1.32581	0.06832168
213.3441111	-0.38173173	-0.06495601	0.03155328	-0.05204904	0.03524509
213.3441111	-0.38173173	-0.3057831	0.03500342	-0.3168521	0.04114805
213.3441111	-0.38173173	0.1154915	0.03137667	0.008285223	0.03403318
213.3441111	-0.38173173	0.2356684	0.03187127	0.2813213	0.03467399
213.3441111	-0.38173173	0.07762853	0.03175866	-0.06351025	0.03419326
213.3441111	-0.38173173	0.02565478	0.03287787	0.02790324	0.03604244
213.3441111	-0.38173173	0.1099974	0.03390317	0.1367754	0.04050434
213.3441111	-0.38173173	-0.009933809	0.03404795	-0.08549674	0.03786928
213.3441111	-0.38173173	-0.1016559	0.03126904	-0.107744	0.03373767
213.3441111	-0.38173173	-0.1111965	0.03527876	-0.1139942	0.04019427
213.3441111	-0.38173173	-0.1542716	0.03796728	-0.08946809	0.04974868
213.3441111	-0.38173173	-0.0267946	0.03270385	-0.02720479	0.03586959
213.3441111	-0.38173173	-0.3533981	0.03741055	-0.3332126	0.04431079
213.3441111	-0.38173173	-0.01697336	0.03488093	0.09141067	0.04267343
213.3441111	-0.38173173	0.04442117	0.03384439	0.021271	0.03749937
213.3441111	-0.38173173	0.07039575	0.03313024	0.1537231	0.03724569
213.3441111	-0.38173173	-0.2998214	0.03546773	-0.3200328	0.04101449
213.3441111	-0.38173173	0.1034006	0.03330761	0.09331001	0.03783348
213.3441111	-0.38173173	-0.185762	0.03545994	-0.163717	0.04215864
213.3441111	-0.38173173	0.08968373	0.03139555	-0.08809262	0.0335896
213.3441111	-0.38173173	0.06538405	0.03386414	0.06151062	0.03943291
213.3441111	-0.38173173	-0.144734	0.03591809	-0.06600542	0.04359909
213.3441111	-0.38173173	-9999	-9999	-9999	-9999
213.3441111	-0.38173173	-0.3966789	0.03937778	-0.3438099	0.04986966
213.3441111	-0.38173173	-9999	-9999	-9999	-9999
213.3441111	-0.38173173	-0.07414597	0.03553671	-0.07902448	0.04227087
213.3441111	-0.38173173	0.002974585	0.03309633	-0.1862438	0.03643898
213.3441111	-0.38173173	-0.08287114	0.0372964	-0.1129459	0.04738849
213.3441111	-0.38173173	-0.1271967	0.03655179	-0.1415839	0.04404483
213.3441111	-0.38173173	0.0854628	0.03466683	0.1387907	0.04104471
213.3441111	-0.38173173	0.1126425	0.03258551	0.1325471	0.03579312
213.3441111	-0.38173173	-0.2182749	0.03727226	-0.2122125	0.04575832
213.3441111	-0.38173173	0.1210655	0.02899782	0.1528111	0.02989436
213.3441111	-0.38173173	-0.2409348	0.03907707	-0.2563477	0.05115587
213.3441111	-0.38173173	-0.05180832	0.03723486	-0.008544739	0.04815485
213.3441111	-0.38173173	-0.3661804	0.03335556	-0.3692686	0.03766404
213.3441111	-0.38173173	-0.2693627	0.03421079	-0.2590538	0.03884449
213.3441111	-0.38173173	0.113275	0.03214534	0.1671061	0.03499359
213.3441111	-0.38173173	0.1416417	0.03282596	0.1450876	0.0356973
213.3441111	-0.38173173	-0.1533351	0.03380794	-0.1367515	0.03791871
213.3441111	-0.38173173	-0.314316	0.04023384	-0.2977249	0.05296153
213.3441111	-0.38173173	0.2087115	0.03171881	0.2777795	0.03382391
213.3441111	-0.38173173	0.3926437	0.0304453	-9999	-9999
213.3441111	-0.38173173	0.1070418	0.03305349	0.09048814	0.03812737
213.3441111	-0.38173173	0.1649061	0.03333321	0.2018525	0.03873895
213.3441111	-0.38173173	-0.3160814	0.03355422	-0.3275121	0.03788036
213.3441111	-0.38173173	-9999	-9999	-9999	-9999
213.3441111	-0.38173173	0.03312463	0.03485536	0.07757482	0.04077333
213.3441111	-0.38173173	0.006387664	0.03543015	0.0649147	0.04237522
213.3441111	-0.38173173	-9999	-9999	-9999	-9999
213.3441111	-0.38173173	0.1377308	0.03452425	0.1304061	0.0427782
213.3441111	-0.38173173	-9999	-9999	-9999	-9999
213.3441111	-0.38173173	0.2669951	0.02965537	0.3332131	0.03060729
213.3441111	-0.38173173	-1.195887	0.06330502	-0.7788861	0.1081639
213.3441111	-0.38173173	-9999	-9999	-9999	-9999
213.3441111	-0.38173173	-9999	-9999	-9999	-9999
213.3441111	-0.38173173	-9999	-9999	-9999	-9999
213.3441111	-0.38173173	-0.1805127	0.03126832	-0.142503	0.03388117
213.3441111	-0.38173173	0.1003206	0.03470986	0.1208184	0.04245031
213.3441111	-0.38173173	-9999	-9999	-9999	-9999
213.3441111	-0.38173173	-0.04188802	0.03692954	0.02368164	0.04599687
213.3441111	-0.38173173	0.06853405	0.03560301	0.05477551	0.04299073
213.3441111	-0.38173173	0.1511404	0.031699	0.1477159	0.03490026
213.3441111	-0.38173173	0.01381059	0.03549751	0.001083925	0.04217599
213.3441111	-0.38173173	0.2048209	0.03191202	0.167526	0.03414846
213.3441111	-0.38173173	-0.195375	0.03856215	-0.2283599	0.04961551
213.3441111	-0.38173173	-0.02981684	0.036368	-0.05279233	0.04520243
213.3441111	-0.38173173	-9999	-9999	-9999	-9999
213.3441111	-0.38173173	0.1334888	0.03142558	0.1681052	0.03358338
213.3441111	-0.38173173	-0.2646022	0.03625525	-0.2601225	0.04313969
213.3441111	-0.38173173	0.2394447	0.03199236	0.3238396	0.03662559
213.3441111	-0.38173173	0.1639854	0.03149901	0.195187	0.03363358
213.3441111	-0.38173173	0.1097224	0.03402114	0.08618351	0.03976593
213.3441111	-0.38173173	0.006684834	0.03560954	0.1149974	0.04344637
213.3441111	-0.38173173	-0.1080972	0.03498702	-0.07026404	0.03968741
213.3441111	-0.38173173	0.2303591	0.03212011	0.2785452	0.03574761
213.3441111	-0.38173173	0.1079573	0.03322705	0.0184062	0.03641518
213.3441111	-0.38173173	0.05223623	0.03487584	0.06145161	0.04098576
213.3441111	-0.38173173	0.3249886	0.03081528	0.38144	0.03347513
213.3441111	-0.38173173	-9999	-9999	-9999	-9999
213.3441111	-0.38173173	-0.1485121	0.03297954	-0.1727588	0.03658098
213.3441111	-0.38173173	0.1512813	0.03341687	0.1799354	0.03801358
213.3441111	-0.38173173	-0.1436751	0.03269124	-0.1642074	0.0361276
213.3441111	-0.38173173	-9999	-9999	-9999	-9999
213.3441111	-0.38173173	-9999	-9999	-9999	-9999
213.3441111	-0.38173173	-9999	-9999	-9999	-9999
213.3441111	-0.38173173	-9999	-9999	-9999	-9999
213.3441111	-0.38173173	-0.3592772	0.03817746	-0.333774	0.0477046
213.3441111	-0.38173173	-0.4393884	0.04051277	-0.4738427	0.05273633
213.3441111	-0.38173173	0.2064326	0.033077	0.2198809	0.03858824
213.3441111	-0.38173173	0.006159598	0.03562479	0.01251797	0.04382741
213.3441111	-0.38173173	0.08177695	0.03399516	0.05200641	0.03826598
213.3441111	-0.38173173	-0.4598751	0.03872548	-0.4572256	0.04925732
213.3441111	-0.38173173	0.1246604	0.03458291	0.08609889	0.04287747
213.3441111	-0.38173173	0.1627831	0.03245617	0.2177357	0.03697046
213.3441111	-0.38173173	0.08810488	0.03177601	0.08917288	0.03429392
213.3441111	-0.38173173	-0.03275392	0.03615125	0.02506988	0.0435268
213.3441111	-0.38173173	0.135601	0.03250437	0.1892839	0.03634937
213.3441111	-0.38173173	-0.01514276	0.03324962	-0.01645096	0.03856534
213.3441111	-0.38173173	-0.0705597	0.03197781	-0.07009082	0.0348417
213.3441111	-0.38173173	0.04822084	0.03242223	0.0373735	0.03528065
213.3441111	-0.38173173	0.2173757	0.03154866	0.3060111	0.0337058
213.3441111	-0.38173173	0.03305042	0.03384888	0.04763256	0.03754284
213.3441111	-0.38173173	-0.09272053	0.03673368	-0.03358926	0.04597327
213.3441111	-0.38173173	-0.05679322	0.03363573	-0.06391886	0.0374006
213.3441111	-0.38173173	0.09399327	0.03365519	0.1614177	0.03951744
213.3441111	-0.38173173	0.1359373	0.03585261	0.1259586	0.04600547
213.3441111	-0.38173173	-0.06562213	0.03510173	-0.1831991	0.04199318
213.3441111	-0.38173173	0.1663842	0.03359387	0.1947759	0.03965037
213.3441111	-0.38173173	0.1363031	0.0326615	0.1671565	0.03542607
213.3441111	-0.38173173	-0.009062024	0.03090139	-0.004205525	0.03306441
213.3441111	-0.38173173	-9999	-9999	-9999	-9999
213.3441111	-0.38173173	-1.985587	0.07342238	-1.569846	0.1328465
213.3441111	-0.38173173	-0.3557895	0.03385532	-0.3715026	0.03848218
213.3441111	-0.38173173	0.3325621	0.02887964	0.4044737	0.02936207
213.3441111	-0.38173173	-9999	-9999	-9999	-9999
213.3441111	-0.38173173	-9999	-9999	-9999	-9999
213.3441111	-0.38173173	-2.039768	0.0638376	-2.004997	0.1057895
213.3441111	-0.38173173	-0.02489577	0.03421666	0.05228768	0.04019167
213.3441111	-0.38173173	0.1846469	0.0327113	0.2506057	0.03766949
213.3441111	-0.38173173	-0.3471907	0.03941783	-0.2479851	0.05159604
213.3441111	-0.38173173	-0.1114217	0.03657574	-0.1346104	0.04604949
213.3441111	-0.38173173	0.1699757	0.03228046	0.2362305	0.03578466
213.3441111	-0.38173173	-0.1564123	0.03424403	-0.1657839	0.03930588
213.3441111	-0.38173173	-0.1943856	0.03779577	-0.1569825	0.04780746
213.3441111	-0.38173173	-9999	-9999	-9999	-9999
213.3441111	-0.38173173	-9999	-9999	-9999	-9999
213.3441111	-0.38173173	0.1230754	0.03373448	0.1003521	0.04042769
213.3441111	-0.38173173	-0.0323889	0.03333628	-0.05375876	0.03687709
213.3441111	-0.38173173	-0.4674854	0.04078955	-0.4624917	0.05424164
213.3441111	-0.38173173	0.1395064	0.03119822	0.207527	0.03446606
213.3441111	-0.38173173	-0.0911336	0.03743949	-0.04363711	0.04760462
213.3441111	-0.38173173	-0.2638258	0.03559953	-0.2341485	0.0424074
213.3441111	-0.38173173	-0.3388798	0.03729705	-0.3224654	0.04407251
213.3441111	-0.38173173	-0.273719	0.03535917	-0.2459306	0.04068728
213.3441111	-0.38173173	-0.1699557	0.03328547	-0.1744482	0.0371049
213.3441111	-0.38173173	0.07166075	0.03378288	0.0943023	0.03814308
213.3441111	-0.38173173	-0.06195383	0.03575046	0.01411408	0.04213491
213.3441111	-0.38173173	0.02552102	0.03418243	0.05777835	0.03930524
213.3441111	-0.38173173	0.06820021	0.03184173	0.1137979	0.03433494
213.3441111	-0.38173173	0.1991047	0.03409217	0.2460151	0.04087223
213.3441111	-0.38173173	0.01080843	0.03541644	0.09393747	0.04278339
213.3441111	-0.38173173	0.02193955	0.0305599	0.0304125	0.03249384
213.3441111	-0.38173173	0.1853486	0.03203524	0.2620516	0.03545187
213.3441111	-0.38173173	-0.4530967	0.0385155	-0.5117566	0.04861385
213.3441111	-0.38173173	0.002874993	0.03400116	-0.03664006	0.03788344
213.3441111	-0.38173173	-9999	-9999	-9999	-9999
213.3441111	-0.38173173	-0.2492596	0.03953002	-0.2123277	0.05362621
213.3441111	-0.38173173	0.246843	0.03197887	0.3293419	0.03712386
213.3441111	-0.38173173	-0.4156833	0.03597846	-0.4558903	0.04210903
213.3441111	-0.38173173	-9999	-9999	-9999	-9999
213.3441111	-0.38173173	0.05598191	0.03395857	0.09374215	0.03762567
213.3441111	-0.38173173	0.02699361	0.03419792	0.03812496	0.03913239
213.3441111	-0.38173173	0.2412008	0.03220373	0.3043588	0.03637276
213.3441111	-0.38173173	0.1270024	0.03225034	0.1364623	0.03711358
213.3441111	-0.38173173	-0.4017005	0.03940047	-0.4354919	0.04929728
213.3441111	-0.38173173	-0.223843	0.03342409	-0.2590877	0.03745331
213.3441111	-0.38173173	0.4056679	0.03145775	0.4602526	0.03500349
213.3441111	-0.38173173	-0.098041	0.03431518	-0.09591921	0.04132045
213.3441111	-0.38173173	-0.08461779	0.03396922	-0.1016637	0.03798657
213.3441111	-0.38173173	-0.07744852	0.0317684	-0.09676455	0.03450671
213.3441111	-0.38173173	-0.06648013	0.03697917	-0.06247618	0.04602619
213.3441111	-0.38173173	-9999	-9999	-9999	-9999
213.3441111	-0.38173173	0.3314188	0.03026078	0.3760799	0.03304648
213.3441111	-0.38173173	-0.3034475	0.039563	-0.2766235	0.05227768
213.3441111	-0.38173173	0.01777168	0.03391003	0.01789637	0.0377012
213.3441111	-0.38173173	0.1082199	0.03333572	0.1078985	0.03727867
213.3441111	-0.38173173	-0.02975911	0.03361394	0.03295023	0.03865048
213.3441111	-0.38173173	-0.0802893	0.03708796	-0.05578924	0.0482604
213.3441111	-0.38173173	-0.126516	0.03453807	-0.1036168	0.03901136
213.3441111	-0.38173173	-1.273914	0.05042749	-1.191689	0.07375992
213.3441111	-0.38173173	0.02319773	0.03137267	0.06977025	0.03370208
213.3441111	-0.38173173	0.2445396	0.03144191	0.304277	0.03335485
213.3441111	-0.38173173	0.01355946	0.0337996	-0.1300352	0.03903278
213.3441111	-0.38173173	0.1856152	0.03409852	0.1755517	0.04005923
213.3441111	-0.38173173	0.3126386	0.03082626	0.2140317	0.03445066
213.3441111	-0.38173173	0.07508557	0.03707971	0.01155455	0.04809487
213.3441111	-0.38173173	0.1479829	0.03245135	0.1412445	0.03697804
213.3441111	-0.38173173	0.002316608	0.03332009	0.004477801	0.03678417
213.3441111	-0.38173173	-9999	-9999	-9999	-9999
213.3441111	-0.38173173	0.2694708	0.03075287	0.3311762	0.03225668
213.3441111	-0.38173173	-0.1333992	0.03779764	-0.1211243	0.04977317
213.3441111	-0.38173173	0.06381994	0.03471378	0.1075441	0.04002442
213.3441111	-0.38173173	-0.09047637	0.03375237	-0.0865259	0.03767097
213.3441111	-0.38173173	0.3535381	0.03088401	0.2819892	0.03333483
213.3441111	-0.38173173	-0.3321016	0.03723968	-0.3396247	0.04404458
213.3441111	-0.38173173	0.03150629	0.03416919	-0.03756329	0.03996037
213.3441111	-0.38173173	-0.2096258	0.03700993	-0.2423812	0.04569485
213.3441111	-0.38173173	0.2726552	0.03127446	0.2913263	0.03384215
213.3441111	-0.38173173	-0.3752882	0.03799171	-0.3594999	0.04717786
213.3441111	-0.38173173	-0.1949989	0.03549055	-0.2063778	0.0407415
213.3441111	-0.38173173	-0.3098514	0.03777891	-0.323759	0.04558837
213.3441111	-0.38173173	-0.07808735	0.03392123	-0.07169119	0.03794121
213.3441111	-0.38173173	-0.2445874	0.03200302	-0.2255283	0.03523351
213.3441111	-0.38173173	0.2166446	0.03289439	0.2465902	0.03772589
213.3441111	-0.38173173	-0.2388015	0.03597326	-0.2240373	0.04162861
213.3441111	-0.38173173	-0.02638801	0.03516395	-0.1510064	0.04230437
213.3441111	-0.38173173	0.1719616	0.02871612	0.2697738	0.02942154
213.3441111	-0.38173173	0.1233772	0.03168504	0.1285779	0.03452062
213.3441111	-0.38173173	-0.206624	0.03711529	-0.220656	0.04597877
213.3441111	-0.38173173	-0.1565422	0.03345223	-0.1754635	0.03736052
213.3441111	-0.38173173	-9999	-9999	-9999	-9999
213.3441111	-0.38173173	-0.07220869	0.03338916	-0.05696367	0.03792363
213.3441111	-0.38173173	-0.06732621	0.03624902	-0.05020484	0.04465383
213.3441111	-0.38173173	-9999	-9999	-9999	-9999
213.3441111	-0.38173173	0.1213207	0.03541199	0.1740098	0.04464195
213.3441111	-0.38173173	-9999	-9999	-9999	-9999
213.3441111	-0.38173173	-9999	-9999	-9999	-9999
213.3441111	-0.38173173	0.2666897	0.02987628	0.3343401	0.03202702
213.3441111	-0.38173173	0.2172781	0.03231128	0.2496523	0.03586859
213.3441111	-0.38173173	0.1177615	0.03485206	0.08583406	0.0421606
213.3441111	-0.38173173	0.05616402	0.03389926	0.0475997	0.03919187
213.3441111	-0.38173173	0.1268761	0.03209393	0.1754964	0.03554424
213.3441111	-0.38173173	-0.04332108	0.03519175	-0.04458043	0.04125966
213.3441111	-0.38173173	-0.1279485	0.03695327	-0.08043694	0.0461584
213.3441111	-0.38173173	-0.1354504	0.03574555	-0.1318066	0.04253092
213.3441111	-0.38173173	-0.2071952	0.03714886	-0.2306635	0.04570644
213.3441111	-0.38173173	0.1730795	0.03061828	0.2059954	0.03226788
213.3441111	-0.38173173	0.1507856	0.03230718	0.2026848	0.03487069
213.3441111	-0.38173173	-0.2074641	0.03743753	-0.2025242	0.04667146
213.3441111	-0.38173173	0.3236746	0.02909281	0.3964809	0.02970848
213.3441111	-0.38173173	0.2211231	0.03392043	0.2893821	0.0416839
213.3441111	-0.38173173	-9999	-9999	-9999	-9999
213.3441111	-0.38173173	0.400238	0.03142291	-9999	-9999
213.3441111	-0.38173173	0.03101294	0.03117571	0.03313676	0.03369067
213.3441111	-0.38173173	-0.02518793	0.03347583	-0.01433748	0.03708402
213.3441111	-0.38173173	-0.5762134	0.03712786	-0.5071046	0.04445302
213.3441111	-0.38173173	-9999	-9999	-9999	-9999
213.3441111	-0.38173173	-9999	-9999	-9999	-9999
213.3441111	-0.38173173	-9999	-9999	-9999	-9999
213.3441111	-0.38173173	-9999	-9999	-9999	-9999
213.3441111	-0.38173173	0.2325149	0.03412269	0.2894598	0.04077331
213.3441111	-0.38173173	-0.06281737	0.0340892	-0.02396498	0.03880373
213.3441111	-0.38173173	-0.5067412	0.03675661	-0.5186374	0.04569363
213.3441111	-0.38173173	-9999	-9999	-9999	-9999
213.3441111	-0.38173173	-0.2147087	0.03500219	-0.1920876	0.04000744
213.3441111	-0.38173173	-0.2026924	0.03738179	-0.1525924	0.04621392
213.3441111	-0.38173173	0.1306894	0.02997866	0.1737335	0.03139369
213.3441111	-0.38173173	-0.09871447	0.03202267	-0.1243675	0.03498472
213.3441111	-0.38173173	0.1645979	0.03391	0.2705196	0.04029491
213.3441111	-0.38173173	0.3135897	0.03098647	0.384878	0.03484277
213.3441111	-0.38173173	0.109007	0.03321849	0.1246531	0.03727803
213.3441111	-0.38173173	-0.6733353	0.04363392	-0.5871292	0.05940531
213.3441111	-0.38173173	0.16418	0.03184605	0.2035685	0.03415158
213.3441111	-0.38173173	-0.1606019	0.03607838	-0.1438192	0.04227592
213.3441111	-0.38173173	0.160291	0.03463764	0.1063084	0.04225456
213.3441111	-0.38173173	0.09651136	0.03363518	0.1676454	0.03981669
213.3441111	-0.38173173	0.05603434	0.03548775	0.1016796	0.04307629
213.3441111	-0.38173173	0.2279439	0.03234389	0.3086665	0.03704346
213.3441111	-0.38173173	0.1056398	0.03296957	0.1195401	0.03600771
213.3441111	-0.38173173	-0.3052947	0.03886529	-0.3191783	0.05087229
213.3441111	-0.38173173	-0.2305718	0.03800859	-0.3313333	0.04874524
213.3441111	-0.38173173	-0.1503543	0.03788325	-0.16273	0.04782826
213.3441111	-0.38173173	-9999	-9999	-9999	-9999
213.3441111	-0.38173173	0.2976326	0.0325242	0.3410699	0.03729804
213.3441111	-0.38173173	0.1096484	0.03491069	0.1892739	0.04013523
213.3441111	-0.38173173	-9999	-9999	-9999	-9999
213.3441111	-0.38173173	-9999	-9999	-9999	-9999
213.3441111	-0.38173173	-0.008636873	0.03123863	-0.01243813	0.0335591
213.3441111	-0.38173173	-9999	-9999	-9999	-9999
213.3441111	-0.38173173	0.0944742	0.03038263	0.1338606	0.03203684
213.3441111	-0.38173173	0.1862191	0.03337725	0.2283929	0.03945774
213.3441111	-0.38173173	-9999	-9999	-9999	-9999
213.3441111	-0.38173173	-0.2412211	0.03691178	-0.2108779	0.04477513
213.3441111	-0.38173173	0.3351556	0.03204156	0.3689831	0.03672992
213.3441111	-0.38173173	0.1987056	0.03230347	0.2205437	0.03478885
213.3441111	-0.38173173	0.1161909	0.03226288	0.1444711	0.03638585
213.3441111	-0.38173173	-0.2079403	0.03693931	-0.2184417	0.04533427
213.3441111	-0.38173173	0.0740089	0.03364246	0.1264967	0.03766583
213.3441111	-0.38173173	0.2879668	0.03100827	0.33008	0.03424394
213.3441111	-0.38173173	-0.3902631	0.03432108	-0.4345405	0.03928546
213.3441111	-0.38173173	-0.3063137	0.03700126	-0.3060699	0.04354156
213.3441111	-0.38173173	0.07218929	0.03039616	0.1037439	0.03209619
213.3441111	-0.38173173	-9999	-9999	-9999	-9999
213.3441111	-0.38173173	0.09611505	0.03151228	0.1029583	0.03379332
213.3441111	-0.38173173	-0.1549181	0.03508621	-0.1504501	0.03997798
213.3441111	-0.38173173	0.05279214	0.03338286	0.1136341	0.03807246
213.3441111	-0.38173173	0.1411157	0.03115869	0.1675287	0.03369534
213.3441111	-0.38173173	-0.3580915	0.03890985	-0.4024236	0.05197093
213.3441111	-0.38173173	0.3589679	0.0293291	0.4001642	0.03001401
213.3441111	-0.38173173	-1.261967	0.04602671	-1.410579	0.06468102
213.3441111	-0.38173173	-0.1785898	0.03139967	-0.1509655	0.03416768
213.3441111	-0.38173173	-0.03271139	0.03718877	-0.01226744	0.04626722
213.3441111	-0.38173173	0.195346	0.0330678	0.194416	0.0373557
213.3441111	-0.38173173	0.1930492	0.03286616	0.2275895	0.03626917
213.3441111	-0.38173173	0.1419709	0.03365688	0.1928604	0.03851474
213.3441111	-0.38173173	0.1243616	0.03388721	0.1548263	0.03831815
213.3441111	-0.38173173	-0.04745263	0.03358468	-0.03186089	0.03728201
213.3441111	-0.38173173	-9999	-9999	-9999	-9999
213.3441111	-0.38173173	0.009728268	0.03539035	-0.04593548	0.04290086
213.3441111	-0.38173173	0.1138257	0.03302287	0.1165301	0.03703052
213.3441111	-0.38173173	0.09462775	0.03335501	0.1035888	0.03801994
213.3441111	-0.38173173	0.1080666	0.03300305	0.1819029	0.03975515
213.3441111	-0.38173173	-0.08975744	0.03420762	-0.08919361	0.03840988
213.3441111	-0.38173173	0.07148686	0.03491484	0.07475233	0.04282799
213.3441111	-0.38173173	-0.04659163	0.03226489	-0.08989824	0.03525052
213.3441111	-0.38173173	-0.1125657	0.03157449	-0.138853	0.03427572
213.3441111	-0.38173173	-0.2775961	0.03464379	-0.2649865	0.04011376
213.3441111	-0.38173173	-0.186413	0.03534223	-0.1695045	0.04047194
213.3441111	-0.38173173	-0.009458249	0.03178092	0.00510644	0.03441268
213.3441111	-0.38173173	-0.02149894	0.03088241	0.02716169	0.0330253
213.3441111	-0.38173173	-0.002624528	0.03688973	-0.04899387	0.04794138
213.3441111	-0.38173173	-0.1981034	0.03868594	-0.2190429	0.04978712
213.3441111	-0.38173173	-0.2060334	0.03165514	-0.1304275	0.034576
213.3441111	-0.38173173	-9999	-9999	-9999	-9999
213.3441111	-0.38173173	-9999	-9999	-9999	-9999
213.3441111	-0.38173173	-0.03593948	0.03171672	-0.04064318	0.03451766
213.3441111	-0.38173173	-0.1417429	0.03663889	-0.1284052	0.04505183
213.3441111	-0.38173173	0.3028026	0.03028525	0.3503525	0.03232976
213.3441111	-0.38173173	-0.5275655	0.03654109	-0.4961179	0.04356278
213.3441111	-0.38173173	0.03846421	0.03204536	0.03655741	0.03474471
213.3441111	-0.38173173	-0.01708763	0.03392607	0.01245978	0.0377679
213.3441111	-0.38173173	0.3444585	0.0299141	0.4164578	0.0311854
213.3441111	-0.38173173	0.02049804	0.03099062	0.07359271	0.03310486
213.3441111	-0.38173173	-9999	-9999	-9999	-9999
213.3441111	-0.38173173	-0.02895549	0.03679236	-0.01686721	0.04763877
213.3441111	-0.38173173	-9999	-9999	-9999	-9999
213.3441111	-0.38173173	-9999	-9999	-9999	-9999
213.3441111	-0.38173173	0.1906852	0.03434094	0.2059074	0.04221112
213.3441111	-0.38173173	-0.2430407	0.03805958	-0.2163061	0.04754478
213.3441111	-0.38173173	0.2310183	0.03350033	0.2803899	0.03906447
213.3441111	-0.38173173	-0.1769641	0.03254045	-0.174042	0.03595259
213.3441111	-0.38173173	0.1086152	0.0312232	0.09798862	0.03484254
213.3441111	-0.38173173	0.03103365	0.02959494	0.09428925	0.03095916
213.3441111	-0.38173173	0.1641526	0.03476132	0.1959237	0.0414243
213.3441111	-0.38173173	-9999	-9999	-9999	-9999
213.3441111	-0.38173173	0.07724606	0.03466998	0.1109928	0.04061524
213.3441111	-0.38173173	0.1453944	0.03132809	0.1659812	0.03416588
213.3441111	-0.38173173	-0.3951845	0.03527696	-0.4317164	0.04107598
213.3441111	-0.38173173	-0.6523558	0.03588995	-0.5655737	0.04260733
213.3441111	-0.38173173	-9999	-9999	-9999	-9999
213.3441111	-0.38173173	-0.2263542	0.03612294	-0.240657	0.04362123
213.3441111	-0.38173173	-0.1036994	0.03712212	-0.08933024	0.04519938
213.3441111	-0.38173173	0.004169703	0.03365407	0.0207579	0.03730703
213.3441111	-0.38173173	-0.06205449	0.03124117	-0.08198677	0.03369005
213.3441111	-0.38173173	-0.2382109	0.03859071	-0.2568053	0.04866146
213.3441111	-0.38173173	-9999	-9999	-9999	-9999
213.3441111	-0.38173173	-9999	-9999	-9999	-9999
213.3441111	-0.38173173	0.1681412	0.03370332	0.1982647	0.04044068
213.3441111	-0.38173173	0.01611944	0.033947	0.04916882	0.0377264
213.3441111	-0.38173173	0.01244902	0.03538468	0.04222706	0.04158829
213.3441111	-0.38173173	-0.1469005	0.03221026	-0.2040381	0.03539398
213.3441111	-0.38173173	0.1629826	0.03054093	0.211161	0.03212657
213.3441111	-0.38173173	0.02206431	0.03175087	0.02417335	0.03429755
213.3441111	-0.38173173	0.06315269	0.0333592	0.06401187	0.03669994
213.3441111	-0.38173173	-0.003117528	0.03643784	-0.009047583	0.04423728
213.3441111	-0.38173173	0.3099376	0.03195213	0.390375	0.03458966
213.3441111	-0.38173173	0.2472045	0.03205035	0.3619187	0.03520712
213.3441111	-0.38173173	-9999	-9999	-9999	-9999
213.3441111	-0.38173173	-0.0269936	0.03445933	0.02906439	0.03999282
213.3441111	-0.38173173	-9999	-9999	-9999	-9999
213.3441111	-0.38173173	-9999	-9999	-9999	-9999
213.3441111	-0.38173173	-0.2455038	0.03555313	-0.2618692	0.04196434
213.3441111	-0.38173173	0.2249129	0.03280632	0.2609134	0.03718219
213.3441111	-0.38173173	0.04689807	0.03268548	0.04746185	0.0356923
213.3441111	-0.38173173	0.1159644	0.03331982	0.09159765	0.03869032
213.3441111	-0.38173173	0.02154276	0.03520274	-0.01422064	0.04467484
213.3441111	-0.38173173	0.1461642	0.02907593	0.2150022	0.02997117
213.3441111	-0.38173173	-0.2693522	0.03818364	-0.3707037	0.04766075
213.3441111	-0.38173173	-0.05293776	0.03477287	-0.04354577	0.04155966
213.3441111	-0.38173173	-0.02046485	0.03274236	-0.0160125	0.03594601
213.3441111	-0.38173173	0.01769284	0.02993397	0.04895712	0.03150813
213.3441111	-0.38173173	0.1244076	0.03317753	0.1936975	0.03795927
213.3441111	-0.38173173	0.1837008	0.03345783	0.2151356	0.03847252
213.3441111	-0.38173173	0.01646086	0.03530442	0.03055593	0.04220899
213.3441111	-0.38173173	0.06513026	0.03315261	0.1053643	0.03635753
213.3441111	-0.38173173	-0.3948154	0.03578341	-0.378784	0.04171242
213.3441111	-0.38173173	-9999	-9999	-9999	-9999
213.3441111	-0.38173173	0.08728577	0.0346696	0.09993039	0.04186442
213.3441111	-0.38173173	-0.2686127	0.03808499	-0.2789	0.04599325
213.3441111	-0.38173173	0.1412751	0.03235945	0.157829	0.0349694
213.3441111	-0.38173173	0.1788995	0.03194699	0.217644	0.03419979
213.3441111	-0.38173173	-9999	-9999	-9999	-9999
213.3441111	-0.38173173	0.04202726	0.03422447	0.02189732	0.03812684
213.3441111	-0.38173173	0.2042065	0.03071789	0.2626273	0.032362
213.3441111	-0.38173173	0.1296808	0.0341875	0.1134321	0.03953059
213.3441111	-0.38173173	-0.3852404	0.03643703	-0.2826394	0.0427813
213.3441111	-0.38173173	0.1099239	0.03289596	0.1309537	0.03586498
213.3441111	-0.38173173	0.08609759	0.03322601	0.07893251	0.03854787
213.3441111	-0.38173173	-0.7488349	0.04448105	-0.8160025	0.06162515
213.3441111	-0.38173173	0.1658757	0.03133336	0.1143967	0.03365418
213.3441111	-0.38173173	0.01875072	0.03403713	0.0767554	0.03818402
213.3441111	-0.38173173	-0.02706219	0.03122911	-0.01902003	0.03357172
213.3441111	-0.38173173	-0.1388909	0.03291205	-0.1288406	0.03647351
213.3441111	-0.38173173	-0.002171015	0.03526269	0.03216698	0.04255119
213.3441111	-0.38173173	-1.305693	0.05160452	-1.31146	0.07637518
213.3441111	-0.38173173	0.03995212	0.03170979	0.001558045	0.03421558
213.3441111	-0.38173173	0.1066546	0.03132577	0.1660784	0.0334575
213.3441111	-0.38173173	-9999	-9999	-9999	-9999
213.3441111	-0.38173173	0.04758976	0.03421144	0.09824398	0.03799609
213.3441111	-0.38173173	0.1561764	0.03249206	0.1678184	0.03516334
213.3441111	-0.38173173	0.159766	0.03152798	0.2120706	0.0337573
213.3441111	-0.38173173	0.02851085	0.03380303	0.04404682	0.03772759
213.3441111	-0.38173173	0.05144987	0.03448314	0.1066922	0.04060802
213.3441111	-0.38173173	0.09596449	0.03563401	0.005313829	0.04338758
213.3441111	-0.38173173	-0.07243559	0.03672139	-0.2583943	0.04582267
213.3441111	-0.38173173	-0.2623313	0.03964728	-0.3421552	0.05254789
213.3441111	-0.38173173	-0.05279667	0.03481087	-0.004238017	0.04012924
213.3441111	-0.38173173	0.1016126	0.0319172	0.1577997	0.03440924
213.3441111	-0.38173173	-0.1909936	0.03439241	-0.2419794	0.0389526
213.3441111	-0.38173173	0.1905671	0.02970552	0.03596754	0.03087081
213.3441111	-0.38173173	0.3591302	0.03057217	0.4366086	0.0323658
213.3441111	-0.38173173	-0.1769524	0.03513048	-0.1102348	0.04073817
213.3441111	-0.38173173	0.2028137	0.0328217	0.2679357	0.03784966
213.3441111	-0.38173173	-0.1716765	0.03632256	-0.07081962	0.04259779
213.3441111	-0.38173173	-2.347087	0.07558088	-1.012946	0.1342251
213.3441111	-0.38173173	-9999	-9999	-9999	-9999
213.3441111	-0.38173173	0.2445768	0.03181154	0.2472218	0.03437865
213.3441111	-0.38173173	-0.195521	0.03621794	-0.119194	0.0426941
213.3441111	-0.38173173	-9999	-9999	-9999	-9999
213.3441111	-0.38173173	-0.05185734	0.0320452	-0.2065178	0.0351312
213.3441111	-0.38173173	0.02895384	0.03545262	-0.03860965	0.04154749
213.3441111	-0.38173173	0.09417506	0.03258045	0.1071349	0.03605941
213.3441111	-0.38173173	0.1143646	0.03253723	0.2035827	0.0351954
213.3441111	-0.38173173	-0.1368712	0.0368624	-0.2538843	0.04621523
213.3441111	-0.38173173	-0.1495806	0.03479962	-0.3258767	0.03980241
213.3441111	-0.38173173	0.3383732	0.03067641	0.4496365	0.03335205
213.3441111	-0.38173173	-9999	-9999	-9999	-9999
213.3441111	-0.38173173	-0.007477658	0.03083338	0.02280285	0.03295088
213.3441111	-0.38173173	-0.01126151	0.03072619	0.03894568	0.03276995
213.3441111	-0.38173173	0.1077286	0.03310474	0.1287366	0.0362123
213.3441111	-0.38173173	0.08814595	0.03311428	0.08151714	0.03669346
213.3441111	-0.38173173	-0.2584534	0.0370256	-0.2889049	0.04388017
213.3441111	-0.38173173	0.0989459	0.0323878	0.2110945	0.03496835
213.3441111	-0.38173173	-9999	-9999	-9999	-9999
213.3441111	-0.38173173	0.202285	0.03286399	0.2638431	0.03887012
213.3441111	-0.38173173	0.1400228	0.03218506	0.158642	0.03531343
213.3441111	-0.38173173	-0.5035476	0.03601702	-0.4930821	0.04236057
213.3441111	-0.38173173	-0.2609767	0.04018181	-0.2270938	0.05386664
213.3441111	-0.38173173	0.07156676	0.03487524	0.04427698	0.04091143
213.3441111	-0.38173173	-0.0159024	0.03409386	-0.01475568	0.03929836
213.3441111	-0.38173173	-0.1546379	0.03127415	-0.1202855	0.03391888
213.3441111	-0.38173173	0.03594121	0.03248343	0.06658066	0.03535277
213.3441111	-0.38173173	0.2224374	0.03022729	0.184082	0.03156497
213.3441111	-0.38173173	0.1240741	0.03207326	0.158144	0.03455181
213.3441111	-0.38173173	0.05799346	0.03358476	0.0721039	0.03701604
213.3441111	-0.38173173	0.1295876	0.03431885	0.0964506	0.04055708
213.3441111	-0.38173173	-0.03159352	0.03321621	-0.04799224	0.03665924
213.3441111	-0.38173173	0.003211671	0.03406625	0.01807424	0.03828286
213.3441111	-0.38173173	-0.133318	0.03680651	-0.1084297	0.04413551
213.3441111	-0.38173173	0.1015531	0.03104274	0.1300847	0.03334419
213.3441111	-0.38173173	-0.01483759	0.03494086	0.1397139	0.03935514
213.3441111	-0.38173173	-0.07689752	0.03321312	-0.09984218	0.03687037
213.3441111	-0.38173173	0.1175279	0.03119585	0.1231852	0.03325349
213.3441111	-0.38173173	-0.1679411	0.03212297	-0.1578325	0.03527135
213.3441111	-0.38173173	-9999	-9999	-9999	-9999
213.3441111	-0.38173173	-0.04327458	0.03390174	-0.04899867	0.03783447
213.3441111	-0.38173173	0.04394395	0.03302759	0.08681947	0.03637134
213.3441111	-0.38173173	-0.09547439	0.03431208	-0.1103713	0.03857497
213.3441111	-0.38173173	0.1954079	0.03329749	0.2504617	0.03879777
213.3441111	-0.38173173	-0.2254904	0.03814972	-0.2420805	0.04836064
213.3441111	-0.38173173	0.07066462	0.03362781	-0.03716363	0.03709402
213.3441111	-0.38173173	-0.117672	0.0363919	-0.1207546	0.04328678
213.3441111	-0.38173173	-0.008185219	0.03301964	-0.02208354	0.03630153
213.3441111	-0.38173173	0.02386408	0.03277563	0.001990847	0.03581503
213.3441111	-0.38173173	0.009795405	0.03816631	0.06707191	0.0480241
213.3441111	-0.38173173	0.1285489	0.03184409	0.09698509	0.03417445
213.3441111	-0.38173173	0.04421674	0.03420869	0.04781415	0.038828
213.3441111	-0.38173173	0.1848054	0.03287224	0.179302	0.0373711
213.3441111	-0.38173173	-0.2149378	0.03416413	-0.2427245	0.03863243
213.3441111	-0.38173173	0.0769012	0.03328922	0.09340039	0.03719946
213.3441111	-0.38173173	-0.3685153	0.03720687	-0.4729343	0.04427126
213.3441111	-0.38173173	0.05994522	0.03158345	0.06207733	0.03398602
213.3441111	-0.38173173	0.09879374	0.0329171	0.1596319	0.03749238
213.3441111	-0.38173173	-0.3361311	0.03398547	-0.3174272	0.0386126
213.3441111	-0.38173173	-0.03354138	0.03513188	0.004878961	0.04147233
213.3441111	-0.38173173	-0.06527115	0.03474171	-0.04643955	0.04253512
213.3441111	-0.38173173	0.06798568	0.03606187	0.07674734	0.04470426
213.3441111	-0.38173173	0.09069607	0.03465764	0.119376	0.04092854
213.3441111	-0.38173173	-0.1727496	0.03675099	-0.1434498	0.04403745
213.3441111	-0.38173173	0.1199647	0.03260216	0.06144561	0.03672815
213.3441111	-0.38173173	-0.087978	0.03589801	-0.2115976	0.04421545
213.3441111	-0.38173173	-0.1767587	0.03197018	-0.3147598	0.03506215
213.3441111	-0.38173173	-0.5009046	0.03992771	-0.4385846	0.05031407
213.3441111	-0.38173173	0.1504647	0.03193491	0.1812946	0.03461704
213.3441111	-0.38173173	-0.04151891	0.03248689	-0.2645941	0.0355966
213.3441111	-0.38173173	0.005039007	0.03121764	-0.01097466	0.03349233
213.3441111	-0.38173173	-0.2069913	0.03678919	-0.1915671	0.04425649
213.3441111	-0.38173173	-0.1447465	0.03561238	-0.3040436	0.041882
213.3441111	-0.38173173	-0.05621005	0.03414296	-0.0107762	0.03840023
213.3441111	-0.38173173	-0.1194314	0.03393311	-0.07248931	0.03803258
213.3441111	-0.38173173	0.0199849	0.03596357	0.03642341	0.04464997
213.3441111	-0.38173173	0.03016395	0.03257565	0.04147992	0.03653468
213.3441111	-0.38173173	-0.8654547	0.0458748	-0.8556279	0.0635016
213.3441111	-0.38173173	0.1983152	0.03054799	0.2447735	0.03210319
213.3441111	-0.38173173	-0.4367026	0.03869557	-0.3025256	0.04866277
213.3441111	-0.38173173	0.02848461	0.03513116	0.009966601	0.04244788
213.3441111	-0.38173173	0.131714	0.03134882	0.09035781	0.03349339
213.3441111	-0.38173173	-0.001691631	0.03422569	0.01410711	0.03966071
213.3441111	-0.38173173	0.2731682	0.03032378	0.3375587	0.03218053
213.3441111	-0.38173173	0.1378788	0.03161727	0.1787193	0.0343935
213.3441111	-0.38173173	0.05784998	0.03262015	0.08353126	0.03553753
213.3441111	-0.38173173	0.2292802	0.03182016	0.2792835	0.03436948
213.3441111	-0.38173173	-0.05737514	0.03217926	-0.07829043	0.0351009
213.3441111	-0.38173173	0.1903891	0.03280369	0.2436913	0.03777584
213.3441111	-0.38173173	-0.09850988	0.03764316	-0.09810686	0.04786795
213.3441111	-0.38173173	-9999	-9999	-9999	-9999
213.3441111	-0.38173173	-9999	-9999	-9999	-9999
213.3441111	-0.38173173	0.09560055	0.03104466	0.07299017	0.03305206
213.3441111	-0.38173173	0.2088181	0.03380435	0.2236882	0.0401364
213.3441111	-0.38173173	-0.1209943	0.0360398	-0.1971096	0.04239606
213.3441111	-0.38173173	-0.189445	0.03560253	-0.1942593	0.04103106
213.3441111	-0.38173173	0.2364317	0.03104694	0.2611238	0.0330295
213.3441111	-0.38173173	-0.3905841	0.04073884	-0.3572833	0.0542955
213.3441111	-0.38173173	-0.2258163	0.03216733	-0.2689029	0.03542409
213.3441111	-0.38173173	0.07448441	0.03989191	-0.02101608	0.0533593
213.3441111	-0.38173173	-0.1837735	0.03733858	-0.1514232	0.04670356
213.3441111	-0.38173173	-9999	-9999	-9999	-9999
213.3441111	-0.38173173	0.1429679	0.03152018	0.1750506	0.03362439
213.3441111	-0.38173173	-0.1404063	0.03525398	-0.1502553	0.04245993
213.3441111	-0.38173173	0.2451953	0.03167819	0.2734436	0.03374262
213.3441111	-0.38173173	-0.03380362	0.03248136	-0.05397721	0.03554579
213.3441111	-0.38173173	0.2318111	0.0318561	0.3316421	0.03398724
213.3441111	-0.38173173	0.02014372	0.03401417	-0.09121776	0.03787114
213.3441111	-0.38173173	0.2048205	0.03274629	0.2957011	0.03677524
213.3441111	-0.38173173	-0.01932096	0.02998392	0.05763195	0.03163536
213.3441111	-0.38173173	0.2089357	0.03007917	0.2505547	0.03137162
213.3441111	-0.38173173	-0.07499125	0.0338457	-0.09402877	0.03780114
213.3441111	-0.38173173	-0.02826697	0.03592061	-0.0203748	0.04384799
213.3441111	-0.38173173	0.3447039	0.03012257	0.4295715	0.0322019
213.3441111	-0.38173173	0.281897	0.03187919	0.3500585	0.03520541
213.3441111	-0.38173173	0.09717765	0.03503591	0.1352732	0.04142658
213.3441111	-0.38173173	0.09762287	0.03403306	0.1109376	0.03875426
213.3441111	-0.38173173	0.08587562	0.03360719	0.0165101	0.03704474
213.3441111	-0.38173173	-9999	-9999	-9999	-9999
213.3441111	-0.38173173	-0.1478169	0.03543747	-0.1690439	0.04212405
213.3441111	-0.38173173	-0.040348	0.03262316	-0.03427007	0.03576599
213.3441111	-0.38173173	0.02271459	0.03309426	0.02116354	0.03641611
213.3441111	-0.38173173	0.1108886	0.02993086	0.1606247	0.03132954
213.3441111	-0.38173173	0.1413392	0.0327902	0.2235889	0.03553803
213.3441111	-0.38173173	-0.2744758	0.03647597	-0.2275847	0.0425255
213.3441111	-0.38173173	-0.01422874	0.03284474	-0.2049395	0.03612152
213.3441111	-0.38173173	-1.651961	0.05761122	-1.391841	0.09597892
213.3441111	-0.38173173	0.04440983	0.0333247	0.06755762	0.03859947
213.3441111	-0.38173173	-0.156817	0.0357271	-0.1827193	0.04172112
213.3441111	-0.38173173	-0.1108901	0.03601737	-0.1178769	0.04415999
213.3441111	-0.38173173	0.1852277	0.03179642	0.234462	0.03465281
213.3441111	-0.38173173	0.1109753	0.03184941	0.1322173	0.03424437
213.3441111	-0.38173173	0.10648	0.03214474	0.1268524	0.03470502
213.3441111	-0.38173173	0.1184696	0.03365871	0.1625677	0.03873554
213.3441111	-0.38173173	0.05428787	0.03356045	0.02953783	0.03703308
213.3441111	-0.38173173	-0.277723	0.03746513	-0.2822859	0.04538076
213.3441111	-0.38173173	0.2099969	0.03124052	0.1645391	0.03338678
213.3441111	-0.38173173	-9999	-9999	-9999	-9999
213.3441111	-0.38173173	0.1208463	0.03206067	0.1383832	0.03526125
213.3441111	-0.38173173	-0.2121174	0.03691342	-0.2262023	0.04403088
213.3441111	-0.38173173	-0.1849845	0.03209024	-0.1900993	0.03526659
213.3441111	-0.38173173	-0.1935997	0.03225559	-0.3263093	0.0355416
213.3441111	-0.38173173	-0.1199447	0.03086905	-0.07647412	0.03320927
213.3441111	-0.38173173	0.2613718	0.03085501	0.3230212	0.03305856
213.3441111	-0.38173173	0.05001784	0.03279356	-0.01965158	0.0374635
